00
496|250
378|250
574|292
403|585
428|496
599|250.6
317|244
465|518
427|250
707|682
250.01|493
599|E849
413|250.6
599|601
722|250
250.8|272
250|401
496|427
440|730
250|272
276|599
285|427
998|786
428|428
250.7|276
707|250.02
427|427
578|238
250|?
340|250
V45|401
780|250
496|719
196|599
571|305
E942|250
785|694
276|435
427|496
162|496
196|518
402|428
599|486
424|425
276|250
414|250
428|427
203|287
V45|250
424|278
250.02|401
?|V45
250|438
V58|780
309|250
211|41
426|401
427|401
428|465
599|414
578|285
411|491
707|427
584|585
403|304
8|211
491|250.6
727|727
285|997
276|250.01
276|276
599|428
154|788
53|250.6
724|250
491|428
401|272
411|997
425|401
250.01|530
300|250
403|788
401|250
250.6|536
584|276
250|355
790|577
396|402
38|995
112|?
403|276
997|427
285|403
276|995
428|424
340|427
425|492
250.02|599
782|272
786|401
416|402
496|799
427|276
250.02|535
585|428
995|276
682|250.6
285|428
599|593
782|?
496|285
198|250.02
404|272
424|802
272|401
276|425
424|414
648|642
E814|E849
414|278
427|453
496|535
250.02|414
456|456
427|511
996|428
788|787
250.11|487
278|250
250.1|276
276|401
584|403
491|511
730|785
250.03|707
599|427
491|799
413|414
410|518
491|518
428|250
198|V10
?|?
599|401
162|197
401|414
250.6|424
518|453
253|496
250.03|535
403|250
276|584
584|599
285|272
250|593
458|250
427|428
428|401
424|997
496|276
276|491
427|424
428|491
411|496
E947|250
290|437
599|285
403|581
496|V45
413|70
780|414
414|V45
204|427
486|428
276|414
453|202
427|285
428|997
E849|401
682|515
722|722
280|424
493|300
V15|799
599|518
150|197
250.01|424
414|786
41|V09
403|496
426|414
427|584
788|585
424|280
578|280
38|403
600|788
428|780
287|714
997|518
250.6|358
492|250
967|E950
250|284
288|E947
250.42|428
276|403
426|426
799|567
287|414
496|780
70|906
707|694
286|V65
585|584
277|250.03
285|250
403|V45
250.8|V58
112|536
496|272
403|428
401|278
496|162
710|250
648|659
428|289
560|427
V45|403
V15|V70
480|787
785|250
441|780
428|414
438|599
493|250.02
599|272
250.81|V42
203|250
491|403
250.01|610
V58|276
428|403
620|575
305|296
276|799
428|425
276|780
V45|414
599|788
279|530
411|V45
780|332
518|V85
250|285
584|428
425|414
569|250
348|507
428|250.03
38|486
401|244
435|401
428|250.52
276|250.02
428|272
560|536
585|403
493|250
427|493
276|693
707|599
808|805
428|250.02
250.02|892
403|996
152|707
780|428
780|401
402|250.4
425|428
401|786
823|425
426|584
428|486
112|276
404|585
276|573
250.03|496
518|574
311|401
250.02|V15
599|250.92
285|V43
496|401
412|250.02
411|401
250.01|780
493|135
403|285
250|414
578|578
276|E849
574|560
518|584
342|332
135|517
560|276
250.6|357
272|250
285|599
491|250
276|571
V15|?
784|787
425|518
E885|E849
250.01|285
V85|380
197|250.02
250.11|276
250.92|496
599|344
162|198
285|E878
428|998
397|402
599|592
401|496
276|199
682|250.02
250.01|920
584|250.41
585|250.6
413|250
424|397
287|276
820|285
496|433
428|250.8
305|276
250|V43
276|41
198|250
410|786
199|250
599|295
682|250.41
617|621
E932|E849
585|203
404|428
805|296
730|731
923|570
425|250.01
401|250.6
413|278
151|453
414|440
410|414
319|799
427|V42
599|41
276|285
V42|284
905|250.01
414|V12
276|728
411|996
486|496
599|446
276|716
486|277
V42|V42
414|401
434|714
138|379
486|276
287|403
493|250.03
722|721
250.8|536
250.01|427
403|440
295|250
496|250.42
402|250
411|285
496|486
276|788
593|493
303|276
682|428
411|428
414|530
785|250.02
250|V58
519|428
425|V15
295|585
429|V45
648|648
394|433
567|250.43
424|276
599|276
730|94
707|428
277|250
276|427
276|280
204|276
518|403
410|427
154|428
465|414
425|427
250.01|402
620|401
250.03|412
574|575
440|428
340|491
250.02|V58
162|428
V42|424
280|585
491|276
305|250
250.02|276
599|591
567|790
707|274
486|491
428|V42
403|V15
707|996
42|112
285|292
345|250
496|V15
424|401
403|293
413|401
250.01|412
599|357
250|665
496|627
410|276
250.6|599
V42|599
434|401
198|276
V43|401
715|V43
286|562
250|V61
V43|250
531|414
403|305
599|995
427|425
648|250.01
427|244
682|730
569|568
250|428
682|41
410|434
411|414
440|707
276|437
470|305
710|401
786|250.01
250.83|707
250|331
250|429
291|303
411|560
424|250
428|276
707|425
250.01|401
250.41|250.51
584|456
599|836
276|493
414|996
250.13|424
584|486
568|250
305|493
41|707
411|272
496|584
577|280
276|?
707|808
289|724
276|591
492|V12
196|250
410|599
402|272
424|780
V54|V43
585|440
585|401
V15|250
427|553
821|401
276|V15
786|530
250.03|276
424|424
402|378
427|729
511|250
250.01|403
197|403
305|496
331|294
427|438
250.82|707
E888|414
998|493
584|728
426|250
794|401
250|V15
414|427
185|250
250.41|403
575|250.6
710|414
493|250.8
250.11|646
285|518
411|424
415|496
496|70
729|250
583|276
429|428
305|401
496|414
682|924
786|496
556|414
574|242
536|41
414|411
518|427
707|276
780|296
786|305
250|426
250|V44
453|599
8|E931
934|401
535|250
491|250.02
618|250
682|496
440|682
860|807
427|414
403|518
263|250
524|525
583|403
558|787
786|250
250|280
428|514
426|599
707|250
411|493
707|786
414|348
585|780
V42|250.41
707|490
584|404
552|496
41|250
V10|401
411|746
780|327
38|731
567|428
281|294
780|426
648|250
410|428
252|250
462|?
250.03|414
491|V15
340|788
189|196
E870|414
780|276
486|511
591|285
250.02|287
305|250.01
486|427
996|E879
486|250.6
591|788
250.02|438
530|250
403|599
584|401
433|280
414|285
295|401
250.01|V58
573|571
410|823
496|428
276|250.52
453|250
493|250.6
516|413
427|431
816|922
427|413
276|458
440|250
911|786
491|486
486|250.02
162|276
491|707
427|V58
305|518
682|892
305|882
276|250.6
411|250.01
303|535
492|E922
424|428
873|369
287|786
94|707
198|174
276|536
733|250
486|281
263|574
250|493
276|486
41|276
785|8
550|250
285|250.02
250.81|730
304|304
411|427
398|250
644|250.01
682|917
V58|V15
428|599
723|250.02
280|789
414|782
599|250
285|286
459|182
424|585
493|707
250.82|584
250|427
300|491
396|414
428|285
276|284
425|413
250|530
276|794
512|250.01
411|998
599|786
276|577
276|530
250.02|157
401|300
293|294
403|V12
413|427
304|280
424|710
250.22|276
250.6|780
202|511
428|411
780|295
799|496
250.02|272
486|250
428|493
574|401
722|996
427|599
785|681
354|873
427|287
780|250.02
599|278
V42|401
250.82|428
V85|250
8|401
780|780
425|593
585|250
272|278
585|414
560|414
599|578
250.02|427
493|401
507|250.02
788|601
493|276
V15|278
428|278
276|70
724|727
250.83|585
V85|V45
496|585
428|584
276|428
427|286
E878|E849
707|731
295|807
426|272
493|428
730|707
998|433
196|789
518|250
648|652
428|788
784|305
444|403
411|V58
250.02|294
276|465
536|276
250.12|659
845|401
496|296
V85|278
250.6|707
496|244
250|780
693|E930
560|560
576|250.82
535|535
719|250
584|557
585|250.42
518|728
440|272
707|785
276|250.8
403|E879
250.5|362
414|272
585|278
536|337
311|250
617|218
198|997
250.01|8
578|250
995|682
250|305
558|V15
428|242
599|515
453|486
784|401
276|707
564|401
492|441
787|784
285|752
296|309
42|427
599|496
786|E849
250.01|276
205|780
250.01|404
V03|?
250.51|596
711|41
599|280
486|682
276|792
998|250.02
250|V12
496|53
250.02|412
403|427
585|458
411|331
599|492
250.02|493
250|244
8|428
599|566
403|411
112|V65
799|288
250.02|79
V42|441
197|162
331|780
191|599
E879|293
453|188
203|496
710|250.02
682|727
440|403
263|733
414|414
250.92|272
303|342
208|401
280|E935
682|682
560|285
250.41|585
427|585
682|401
614|401
V85|496
998|427
276|305
304|250.6
599|250.03
V17|458
996|411
584|424
38|599
276|E888
250|781
135|276
578|577
577|112
427|396
427|458
998|423
493|575
E885|496
276|348
578|436
E849|402
70|250
8|272
569|562
581|599
276|295
V10|300
250.82|731
995|466
789|787
250.01|280
496|278
599|585
599|729
189|198
518|424
730|41
401|276
296|V09
780|427
250|276
276|402
V49|294
427|250.02
593|427
70|295
599|V12
295|296
496|250.02
518|511
E878|250
599|E888
780|250.6
466|250
287|562
413|298
782|425
715|250
427|411
590|414
482|276
415|250
784|781
707|376
340|599
250|413
799|410
250.01|781
428|112
276|453
599|70
998|41
250.6|70
414|413
518|276
648|647
250.6|303
596|788
428|585
401|427
401|331
250.43|403
719|401
196|428
280|415
707|741
786|414
403|189
E878|584
403|425
682|276
789|276
565|250
998|218
E935|428
799|599
574|794
642|648
785|707
296|V17
491|V10
242|427
599|294
424|427
250.02|?
197|197
403|727
808|E888
799|401
250.02|403
401|294
584|790
486|560
567|584
276|426
276|112
788|591
599|162
285|726
?|428
281|909
568|289
784|478
250.92|401
413|202
70|300
428|250.7
327|786
276|790
486|880
799|112
427|?
518|38
272|185
276|250.4
V12|244
424|595
782|493
922|923
396|496
780|287
276|496
250.01|383
285|E885
411|242
789|569
V62|V15
285|401
285|273
682|707
496|682
320|202
790|572
357|401
816|E888
276|275
805|780
V85|327
491|516
427|530
584|507
202|334
496|425
491|285
481|276
E928|E849
724|401
486|348
577|250
569|411
41|693
997|560
401|458
710|427
203|413
285|V54
394|250.92
312|250
560|715
998|997
276|278
287|578
730|250.6
426|403
682|250
599|287
996|552
250.02|428
V45|585
433|342
599|437
780|571
242|401
578|401
486|997
728|285
42|286
571|496
112|250.12
396|518
478|780
437|V12
V10|250
198|41
746|401
608|959
342|427
250.02|V45
V72|401
413|250.02
413|426
153|E934
250.02|786
453|872
496|905
562|250
530|296
276|726
719|438
578|276
996|V45
491|585
967|E980
496|424
507|V62
780|478
276|682
424|496
196|573
427|327
401|V18
518|575
428|396
493|305
596|596
403|250.4
599|348
285|535
250.01|682
517|333
425|250.02
162|512
304|278
309|244
718|401
790|414
250.6|496
905|V12
730|681
486|V10
427|278
218|625
42|287
276|996
428|682
584|285
410|585
425|250.8
295|493
426|242
600|250
303|401
411|250
250.02|396
287|599
276|282
682|112
403|198
917|599
571|789
250|278
726|716
413|428
303|496
250.02|794
428|413
599|785
794|250
599|397
729|401
996|38
682|440
285|707
285|459
V12|250
250|70
427|162
250.23|280
V08|401
303|790
438|276
295|518
590|112
E939|296
682|250.01
428|707
345|996
276|296
599|599
41|553
276|250.03
569|564
V45|272
564|564
V58|250
425|280
250.13|276
282|250
518|V42
211|780
250.41|427
496|413
781|250
E885|788
411|287
491|581
425|424
426|786
425|403
707|401
618|625
250.92|V65
401|V12
285|340
423|428
342|784
250.01|287
432|781
790|276
250.7|443
560|496
493|427
403|250.41
250.01|428
787|244
790|401
135|414
280|787
285|790
250|412
590|591
595|616
434|342
410|584
285|998
427|790
320|70
707|695
277|250.02
530|401
787|276
250.8|401
204|287
202|199
731|730
599|425
E928|724
518|789
996|250.02
437|401
729|729
427|403
599|440
427|V15
788|250.6
250.92|266
250.51|585
707|459
135|250
242|786
V58|V49
491|425
518|518
427|348
303|250
433|401
411|396
244|250
998|403
293|E900
285|621
305|287
996|578
427|300
719|905
453|403
424|426
250.02|969
38|682
426|496
578|491
250.02|844
428|202
785|443
707|344
424|998
285|41
278|401
38|276
590|250
250.02|737
203|401
427|443
491|250.92
284|518
397|511
286|511
425|780
530|535
428|799
276|708
574|250.92
8|250
411|584
518|578
576|576
263|707
276|V58
V42|276
707|94
250.81|401
250|654
595|250
571|424
721|722
428|211
70|490
174|250
280|411
198|599
287|250
530|574
440|440
250.03|427
V43|716
438|438
428|253
553|V12
250.92|786
276|344
427|794
785|486
780|731
414|458
327|414
997|E935
428|V45
591|562
162|784
242|396
278|272
577|562
789|250
707|440
599|731
465|250
493|569
198|250.51
296|969
599|575
255|276
927|250
576|427
276|424
682|V45
786|250.7
425|E849
428|416
736|V43
303|250.11
276|110
250.82|427
486|493
710|493
722|401
250.42|707
E935|424
135|562
788|553
157|403
999|916
535|401
601|596
599|536
492|568
305|492
496|412
726|250.41
721|724
V10|428
493|285
535|250.6
558|211
569|458
599|780
728|250.03
584|V58
250.6|282
574|626
403|424
250.02|277
518|507
453|197
997|682
428|786
413|244
250.82|250.6
250.92|?
591|592
873|250.6
401|425
491|402
810|812
276|438
250|V10
518|491
496|710
401|343
496|443
617|250
998|153
198|496
998|285
496|290
411|250.02
572|995
250.02|200
250.51|250.6
784|782
731|681
486|807
562|300
198|162
284|276
285|715
250.01|?
573|577
250.01|278
285|276
414|443
584|425
428|250.51
300|300
730|682
250.92|288
V58|272
997|788
?|276
427|722
411|426
515|996
285|402
996|507
518|425
786|427
585|9
414|250.6
440|276
200|250
276|157
276|242
573|250
250.02|571
428|511
714|402
535|562
E930|599
403|250.12
70|714
276|583
250.02|300
998|998
512|V10
250.12|599
786|584
434|427
496|332
420|411
599|473
493|593
401|412
536|403
305|305
285|250.51
733|578
518|197
518|486
599|342
303|571
250|564
434|424
486|799
491|414
998|250
403|584
998|E878
395|414
403|250.5
569|558
432|426
790|785
305|?
250|332
560|788
428|790
7|7
790|358
250|V03
357|276
438|428
398|397
578|571
112|786
V42|753
515|357
584|491
70|585
567|511
577|276
41|599
745|428
437|785
682|785
492|784
250.6|586
496|788
79|250
112|E942
112|250.01
295|293
427|V45
789|530
276|564
285|250.92
998|276
537|710
584|575
451|959
496|574
427|416
401|365
682|94
491|427
567|V64
276|250.5
428|250.01
821|250
275|250
491|562
560|707
250.81|707
250.01|496
235|443
787|317
396|997
648|250.12
515|784
444|599
250.01|V27
996|599
296|401
112|620
590|276
428|250.41
486|401
599|244
V85|458
250|402
38|288
410|E885
411|440
411|599
280|401
276|600
337|536
996|785
427|426
486|263
317|250
599|707
462|401
276|293
593|296
427|274
332|346
571|303
413|531
397|426
515|250
530|786
585|155
196|401
599|453
599|537
276|368
536|535
V43|E885
196|197
584|996
723|300
784|272
578|536
788|596
492|788
491|496
E812|786
8|789
620|616
584|784
250.01|435
428|733
41|401
305|414
599|290
850|518
618|618
852|851
584|266
357|682
250.41|250.7
923|438
250.21|486
434|518
584|496
556|255
496|V43
343|250
112|294
414|250.4
250|605
401|288
486|453
402|728
401|241
250.02|280
433|250.81
202|?
201|250
599|403
682|486
425|707
560|518
295|486
786|V45
401|530
427|E881
989|E905
276|250.11
401|493
196|250.02
403|799
511|427
286|276
558|244
584|540
581|403
584|284
276|585
250|715
42|305
485|599
682|427
272|250.4
?|425
276|250.1
780|493
493|601
250.02|715
295|250.01
250|626
507|784
788|401
414|402
414|584
682|599
780|707
821|821
515|433
414|562
365|250
998|496
585|285
425|299
342|787
250|V85
420|112
E944|780
276|225
E888|250
250|607
427|724
451|250
250.02|458
996|413
591|403
753|250
780|303
250.02|E932
789|427
276|787
427|556
989|414
250.81|41
401|716
924|923
424|250.8
285|584
996|444
585|496
280|496
558|?
286|427
425|426
402|414
295|780
577|576
486|584
995|428
784|496
728|401
493|443
411|786
440|599
425|250
682|E878
280|707
796|250
571|70
250.01|443
780|781
493|486
V45|496
305|V15
585|V42
491|401
413|250.92
287|285
250.01|535
648|654
276|781
150|198
276|E884
496|V01
604|276
293|401
511|403
780|812
411|402
427|250.92
250|V45
401|?
515|280
493|79
304|250.02
414|250.8
427|112
E878|401
38|456
584|518
420|453
414|E879
412|414
786|285
785|428
515|458
427|682
788|492
250.03|V15
276|V14
831|275
444|805
276|378
342|250
250.02|518
599|250.02
999|790
272|250.6
444|305
518|V45
566|401
486|424
780|719
410|294
285|250.01
250.02|359
285|332
788|707
276|250.12
788|433
456|284
747|441
197|198
799|250.8
250|722
456|403
578|305
576|575
197|368
600|285
403|V85
292|428
304|424
836|424
995|490
574|250
427|719
285|569
427|294
198|198
410|440
112|272
411|189
401|250.4
578|303
786|486
198|721
415|428
518|250.52
707|8
701|250
250.02|496
276|V45
427|433
518|496
458|401
733|285
272|477
404|250.4
491|70
401|593
457|250.01
70|789
276|E937
486|789
571|287
238|238
593|V15
283|599
518|250.7
414|428
425|496
787|250
789|438
585|287
250.03|401
599|715
162|518
112|428
244|490
414|244
276|311
599|V15
486|585
250.01|V45
250.7|493
733|424
415|486
560|998
V12|496
707|38
262|997
496|280
427|781
276|290
995|473
428|E878
E942|780
70|285
250.02|285
276|824
719|V43
562|414
250.6|414
682|518
427|444
276|411
535|280
794|786
585|569
585|250.8
285|414
585|599
303|305
197|V10
614|250
515|337
799|250
304|496
94|250
433|294
496|733
511|414
507|578
790|421
922|924
250.92|402
585|434
427|491
357|574
707|294
357|250
996|682
486|38
532|530
707|681
309|493
250.92|V15
303|577
276|250.92
294|250
263|428
420|555
402|581
V58|?
250|V64
794|272
V85|428
784|276
342|401
799|466
591|590
682|250.03
518|404
648|250.9
591|V10
250.6|428
648|665
682|250.7
304|70
591|250
287|496
386|250
507|287
V42|461
250.42|250.6
560|401
312|401
378|V45
414|412
428|423
276|789
278|250.1
250.8|295
426|427
780|298
507|496
553|250
593|285
519|250
493|301
280|276
585|424
285|496
198|197
204|997
272|412
401|V15
998|535
327|300
427|250.4
413|V45
281|890
368|784
196|272
403|707
453|707
300|785
682|356
305|412
496|41
410|425
250.02|263
560|511
403|250.7
785|401
585|250.01
799|183
707|438
304|723
403|591
464|461
410|491
493|433
357|250.52
427|486
411|710
352|493
425|V45
53|244
295|414
596|250
V63|276
805|733
250.11|250.81
496|308
425|585
707|357
780|250.03
427|518
434|250.02
276|94
250.03|599
E878|414
512|401
493|244
250|135
401|553
486|599
413|211
730|998
920|910
780|348
518|250.01
965|296
710|276
574|998
425|786
250|685
244|530
428|719
788|305
707|730
250|311
518|780
440|995
250.01|681
287|427
402|202
250.02|305
424|695
403|250.6
442|401
411|305
518|428
250.02|491
272|428
E887|250
486|403
250.02|578
788|788
287|571
496|V46
581|401
518|401
280|211
599|570
585|682
584|511
135|571
250.01|722
280|560
491|162
590|593
493|413
428|331
250.7|440
745|250
250.01|998
348|414
787|V45
250.13|V46
266|250
453|401
250.02|278
446|496
413|250.4
403|511
428|492
428|287
465|?
V45|250.4
462|714
998|442
250.02|682
415|312
427|E942
285|250.41
996|790
276|198
250.7|707
585|588
486|288
402|412
280|531
443|272
285|V45
250.02|511
425|466
496|250.01
415|453
496|787
402|250.52
284|427
496|402
307|250
?|707
427|V12
496|305
496|717
38|518
805|802
496|552
117|?
416|403
401|464
292|250.2
780|729
780|785
599|491
511|535
411|403
250.82|276
530|414
304|305
250|354
788|530
530|211
507|276
425|305
451|V42
574|278
427|788
496|303
493|780
584|716
707|V85
413|E947
250.42|403
518|303
496|135
681|250.8
952|344
284|196
415|304
305|428
250.01|584
491|443
511|276
250.4|585
V43|414
518|410
276|292
250.12|278
466|401
530|285
511|486
998|250.41
590|250.02
250.43|581
354|250
276|E904
780|438
585|V45
403|250.02
799|E932
70|304
585|423
486|197
733|733
414|997
202|285
560|250
41|403
413|998
707|403
250|443
E942|280
535|285
396|397
250.02|530
250|788
428|162
250|300
807|786
112|787
496|722
410|578
427|394
999|414
198|427
285|250.6
202|599
788|414
723|781
491|733
535|530
648|649
250.42|250.52
250.8|531
518|203
296|250
250.4|583
444|511
496|518
263|491
198|287
301|250
681|V58
250.02|600
276|558
780|272
250.01|556
250|716
250.41|250.6
342|781
440|585
403|493
204|593
250.13|403
535|786
427|412
456|70
518|287
253|648
287|250.9
486|478
440|493
403|286
250|E932
276|490
496|511
786|593
998|568
722|599
V58|278
518|997
515|205
536|401
788|E888
511|496
453|427
571|584
278|701
403|287
404|250.41
401|781
998|414
518|799
428|435
E849|250
250.01|301
425|276
443|250
440|414
250.01|648
413|295
816|882
V14|V14
998|E870
424|441
584|263
681|272
V45|V58
486|425
428|E888
360|276
250.01|411
591|599
250|457
707|424
280|41
38|491
V85|401
250.8|681
782|368
41|787
585|455
433|599
250.13|41
512|584
535|276
602|596
250.01|272
493|414
205|486
486|786
824|401
424|250.02
575|276
E965|E849
707|250.8
428|578
250.01|575
790|599
785|682
443|250.6
250.01|414
E942|250.4
250|366
758|250
280|244
413|410
955|882
584|250.02
786|786
348|V66
428|581
427|250.01
584|785
584|414
799|250.02
785|V42
162|780
E924|E849
276|203
250.93|490
250.01|729
E888|802
410|707
789|786
276|303
413|292
707|138
202|276
196|V10
403|443
780|530
496|620
E885|250
250.12|584
285|E818
780|305
995|434
585|425
996|250
276|338
8|276
845|428
575|568
707|799
272|288
492|414
411|412
250.02|780
357|337
784|250
560|787
250.93|428
428|292
682|584
38|250
451|401
276|250.83
493|8
493|425
425|486
715|729
250.02|V64
415|157
250.6|250.51
595|428
440|425
402|250.6
V58|424
410|401
998|E879
70|305
E968|873
250.6|305
785|518
414|V58
285|275
403|721
309|303
782|250
276|543
V42|428
584|458
719|41
573|280
413|255
511|V09
707|788
511|413
293|309
577|574
362|401
403|250.01
250|440
331|250.92
41|250.6
250.02|242
253|424
567|446
601|601
E878|331
250|496
611|250
293|780
250|536
780|368
276|38
250.02|446
518|250.02
250.51|244
E933|197
571|401
205|729
280|428
292|496
250.42|585
327|780
250.41|599
707|496
496|459
789|286
183|197
788|738
997|41
242|681
564|276
558|785
599|V58
786|784
493|578
913|401
428|996
788|412
493|599
780|V62
458|414
682|438
403|780
276|288
V57|410
491|493
933|787
496|?
250.01|782
305|V10
402|413
585|427
402|276
999|250.01
250|298
790|250
201|493
626|300
570|577
276|593
V12|V58
599|507
438|401
276|340
574|424
701|278
250.13|340
584|707
8|196
491|593
785|276
425|V58
569|569
626|V15
401|285
197|585
250.6|786
599|292
584|250.4
250.6|558
296|303
562|295
507|584
250|693
585|560
V86|780
V63|250.52
566|305
434|378
496|726
578|443
250.1|123
8|453
403|V42
428|560
437|250
799|414
682|693
280|578
285|529
515|276
276|574
276|250.41
599|530
585|486
584|112
V58|305
70|276
276|E932
446|584
266|403
491|250.42
V63|585
250.51|401
5|250
250.6|250.53
560|792
799|V45
V15|401
394|250
486|157
250.7|581
482|117
214|250
V42|536
250.53|362
250|403
414|305
427|785
577|272
427|560
413|599
428|250.6
682|295
995|250
412|V45
70|250.02
278|305
276|272
242|E942
730|428
368|305
E888|E849
401|305
781|340
427|402
588|276
288|401
250.4|403
276|518
272|250.5
402|V10
250.8|?
496|250.92
404|518
787|414
424|707
413|496
411|295
285|789
278|250.01
788|276
250.7|998
799|428
511|786
585|276
995|38
658|V23
585|250.43
244|250.4
453|585
473|401
295|285
920|814
578|562
197|V66
162|786
410|424
276|V12
276|8
707|V58
790|E932
584|E947
34|250
486|303
586|250
425|402
424|V45
38|567
571|491
197|414
805|722
737|V85
276|250.82
E934|724
584|427
V64|250
788|250.02
719|272
204|414
593|V58
426|411
401|438
276|287
584|733
250.01|V12
652|656
599|584
401|600
276|714
196|185
250.01|492
428|415
569|250.02
412|401
682|413
401|311
431|276
433|250
493|41
428|250.92
276|283
294|296
491|780
278|530
492|250.02
431|427
707|493
250.12|276
276|135
599|571
V17|250
197|496
444|428
?|401
296|V62
411|276
785|440
493|584
719|596
724|338
518|414
584|79
780|788
403|250.03
825|250
707|707
250.02|V10
428|518
608|608
250.01|311
788|250
481|584
493|295
789|576
531|?
577|250.8
577|585
599|250.4
427|290
682|511
997|250.02
403|421
276|784
493|203
250.02|342
280|584
707|242
250|724
198|585
414|714
250|348
427|569
331|414
707|713
301|295
518|782
486|284
135|425
250.51|250.81
850|403
244|401
285|244
250.42|276
250.03|654
682|457
162|535
428|782
958|250.6
446|599
345|276
263|V12
507|428
590|401
599|424
780|727
250.7|428
496|530
557|562
599|319
585|397
424|204
V43|787
411|278
276|250.53
157|305
427|277
250.02|707
729|780
998|780
162|135
511|401
486|410
401|342
415|250.02
402|997
575|272
496|E928
427|787
285|412
358|305
V62|278
250.1|493
278|296
707|41
428|433
401|348
440|427
413|486
185|414
493|294
298|?
428|311
997|486
756|346
425|493
997|250
410|785
250.02|593
250.01|305
428|284
?|250
707|780
E932|278
434|250
507|401
728|276
250.01|296
303|287
724|185
562|428
788|250.12
283|284
288|305
285|287
401|V45
277|401
285|411
682|414
250.6|294
250.53|V42
799|403
434|413
780|413
280|427
428|280
728|V12
250.6|530
204|401
490|?
786|785
401|V42
250|704
250|V13
440|V58
435|250
250.02|290
244|272
428|726
250.02|824
536|357
250.02|E884
805|426
424|593
E878|V45
710|715
185|401
250.01|440
707|250.03
292|305
312|462
435|780
250.01|790
784|414
444|998
648|747
E947|780
493|473
196|427
295|300
E878|453
571|427
487|295
648|664
585|462
560|V10
276|345
486|995
250.6|250.43
733|401
276|263
276|79
626|256
496|289
780|466
401|780
806|584
787|787
511|707
401|250.02
318|250.01
996|414
996|707
309|300
41|716
799|E939
277|278
204|518
250.03|?
893|345
396|599
789|305
276|362
456|250.01
428|789
642|V65
242|599
486|8
112|416
287|530
403|412
V62|250
276|681
411|794
785|295
294|428
196|38
304|250
577|414
250.1|244
197|789
250.92|414
428|845
427|565
424|162
250.02|781
278|625
707|198
331|357
599|112
348|342
428|593
562|531
998|401
437|V42
345|401
401|681
560|V44
250.02|433
536|724
515|53
196|287
280|287
518|708
278|277
285|458
250.02|486
348|995
796|428
496|782
584|682
518|250.12
575|250
414|745
707|305
403|250.51
276|710
428|515
411|787
202|593
585|998
599|250.01
250.03|41
428|715
53|250
707|443
969|E950
599|426
250.01|593
780|153
414|733
823|250
280|518
428|410
250.6|V54
295|280
427|997
411|250.13
599|8
198|250.5
414|424
276|446
442|786
599|V10
787|579
584|V45
585|272
285|823
447|276
211|455
425|411
799|786
595|780
553|276
496|599
410|250.01
707|585
707|790
250.81|250.6
427|53
620|458
250.6|?
280|569
242|782
595|799
427|996
518|250.92
414|287
496|611
493|250.53
250.02|996
397|272
272|599
996|403
440|V44
401|413
323|599
427|707
285|196
997|414
303|721
599|560
V49|515
287|401
286|788
437|438
V15|272
788|427
516|428
997|432
433|79
135|8
250|518
414|593
813|812
303|437
403|295
648|250.02
861|808
276|271
403|486
995|599
250|721
646|648
518|V16
250.02|585
349|112
511|287
728|250
250.01|786
V15|305
162|427
710|786
250.02|411
263|401
682|272
250|784
427|196
785|205
427|280
38|707
781|584
575|553
785|840
785|185
682|685
555|250
820|599
427|397
730|686
285|281
780|784
807|E812
722|250.6
411|244
805|707
285|396
493|621
204|356
276|786
785|496
812|250
297|401
571|284
401|266
486|423
250.82|730
491|995
780|599
883|883
250|41
250.02|724
518|434
786|493
294|250.6
285|530
415|599
577|427
112|491
996|401
8|293
486|438
112|482
250|785
428|38
578|295
250.01|415
444|440
396|433
250.01|997
493|626
530|578
584|481
41|402
491|295
V58|401
599|V42
496|437
560|250.02
511|428
787|E931
574|568
491|202
584|558
250.82|518
404|250.01
707|250.6
427|531
394|V42
373|250
571|250
157|285
780|533
340|710
305|427
486|415
250.6|401
396|428
305|V58
515|401
434|428
997|428
780|585
286|244
805|805
427|252
473|473
70|493
E878|785
250.53|250.6
298|301
710|402
413|440
250.6|276
584|536
569|428
789|553
496|250.5
456|E885
284|287
250.6|337
416|397
491|305
593|276
532|250
572|571
425|599
786|789
250.8|707
381|250
285|250.03
250.01|792
591|401
553|244
707|153
250.01|663
250.12|458
424|250.01
722|724
411|780
682|250.51
425|788
428|426
413|250.01
599|288
584|V85
300|250.43
280|250
428|562
518|348
278|244
496|473
440|V45
79|280
599|784
202|453
491|599
491|492
478|250
250|268
518|568
401|440
682|286
411|759
530|536
428|197
V85|414
250.01|568
250.01|558
272|331
41|41
295|250.8
785|425
682|714
786|794
713|682
427|786
305|272
E850|V15
784|?
250.52|250.6
204|496
402|599
496|707
595|250.02
397|250
V42|250.02
710|716
250.6|250.52
155|682
648|V27
285|788
250.41|583
402|425
294|414
710|710
571|574
295|787
518|785
486|998
250|296
599|337
591|427
292|453
518|998
V02|V09
496|789
285|593
156|198
491|307
V62|787
466|780
276|156
493|959
530|244
383|382
250|V17
E878|440
411|280
599|600
250.02|729
443|414
403|453
41|E878
255|682
189|197
250.01|295
414|416
403|785
482|262
786|780
413|573
250.01|251
746|285
447|250
276|560
424|70
574|331
780|824
411|282
681|250
285|278
786|607
250|218
788|?
433|250.7
250.22|204
780|162
396|427
285|?
263|438
250.4|250.6
788|756
E849|780
162|493
552|403
276|527
309|E947
492|782
435|244
486|V42
428|402
401|250.8
327|401
365|401
813|824
162|199
585|404
998|584
410|250.02
250.01|V43
682|459
414|V64
70|V42
441|250
250.02|722
250.03|555
820|250.02
873|E812
250.92|682
789|621
414|V46
41|535
250.13|787
492|303
447|401
280|414
527|402
332|250.8
403|998
272|294
427|473
599|331
V63|250
396|250
250|787
425|250.7
511|515
376|360
473|250
280|996
428|466
466|783
789|?
410|426
342|429
276|V42
276|578
410|728
197|512
496|593
331|250
599|402
276|461
V85|338
682|585
250.02|424
727|401
54|428
250.02|466
276|250.51
255|287
711|731
285|722
511|491
486|112
285|305
786|V85
518|682
682|135
516|250.01
276|751
486|275
692|253
250.02|584
276|466
807|813
280|562
785|403
263|276
571|250.01
250.81|276
38|250.02
648|660
V58|427
715|719
496|287
782|414
250.8|428
569|274
300|272
403|577
263|466
794|412
250.02|V17
335|401
438|723
574|535
718|250
511|424
585|442
680|709
295|728
910|E885
287|465
276|54
250|706
424|920
785|585
625|401
733|568
518|438
789|424
682|304
707|250.7
E884|401
311|V62
616|250
574|V85
250|719
496|569
428|805
70|571
444|787
996|585
250|786
250|327
781|401
8|275
250.01|608
394|401
427|709
571|572
303|250.02
280|532
724|344
599|204
574|285
403|714
438|250
304|250.22
401|522
276|590
427|512
715|E885
389|786
276|331
493|438
38|250.03
287|355
515|599
295|342
601|E934
250.22|491
250.02|716
719|924
789|250.6
786|443
413|272
287|573
41|250.02
789|496
491|250.01
571|998
411|250.03
362|402
197|560
150|276
997|599
424|491
625|614
V66|413
276|V10
416|428
250.92|780
427|79
250.13|427
808|138
566|250
41|493
250|461
386|401
250.92|599
707|301
443|V45
581|276
577|357
276|998
486|295
453|?
567|569
250|356
780|288
276|261
996|560
250|294
250.8|404
427|305
280|42
305|291
572|284
70|401
403|282
332|285
250.02|789
790|41
870|810
250|478
995|995
574|737
276|594
250|582
434|781
493|745
486|250.4
883|250
38|427
456|53
197|250.01
481|V46
V58|462
577|162
342|414
511|425
397|424
584|V53
584|293
787|599
783|787
440|584
250|562
496|204
786|428
492|250.4
42|402
250.8|571
486|473
286|296
250.6|272
578|414
496|781
136|250
416|493
997|436
V62|272
427|41
462|414
682|V58
V43|E878
535|553
280|535
507|250.82
284|599
682|262
V42|420
286|714
466|493
E888|225
996|496
285|996
250.7|357
305|311
427|8
420|414
250.8|440
491|424
348|401
783|294
425|799
414|252
250.11|250.51
726|250
592|250
413|593
38|482
790|403
507|518
284|135
790|250.51
733|599
496|519
415|682
198|263
682|403
332|428
70|287
70|427
440|38
54|250
584|560
786|715
723|401
348|403
196|198
492|427
250.01|426
599|490
424|599
799|276
426|425
288|466
416|427
138|784
427|562
789|155
250.02|785
535|455
413|782
428|446
496|411
V42|997
572|789
453|780
305|571
218|250
595|518
493|590
491|786
799|344
573|276
318|250
794|794
428|573
999|496
287|780
411|250.42
599|197
253|276
303|346
V65|250
285|780
425|416
V10|V44
788|496
723|518
567|585
250.02|241
398|427
486|296
411|518
999|682
401|V58
287|250.52
396|681
244|301
342|729
799|486
746|424
486|416
154|197
496|38
292|309
416|250
682|337
496|403
482|250.42
250.6|295
396|724
300|401
429|250
250.81|?
413|511
276|244
250|501
794|?
820|715
682|447
591|564
250.02|738
162|285
278|757
507|438
493|786
416|425
V12|305
428|535
585|41
403|V10
585|70
995|250.42
250.6|825
411|286
790|V43
285|E928
196|276
788|599
153|997
348|410
780|250.01
585|997
300|530
344|240
348|780
250.52|428
459|459
424|785
786|250.6
428|304
428|244
291|296
295|244
722|280
492|183
780|403
250.91|V27
599|620
426|250.8
571|276
E884|E849
518|492
625|V43
424|250.03
599|38
70|303
250.52|250.7
413|425
250.01|733
V18|?
511|785
577|786
342|410
V45|263
295|41
346|424
414|250.92
585|585
305|284
788|311
292|280
515|714
574|427
515|707
789|70
780|357
286|V12
410|535
682|280
153|250
428|787
428|E849
276|357
493|731
998|278
250|185
250.02|425
252|241
293|593
599|V54
562|750
411|250.92
250.01|465
590|403
V42|250.01
411|327
447|411
486|987
250.02|726
568|598
424|266
995|511
411|411
285|784
428|507
516|723
537|599
250.13|V42
780|496
284|401
788|294
435|719
486|780
250.82|401
682|425
428|711
202|780
491|416
276|343
340|298
218|617
996|276
403|?
427|250.6
305|200
790|786
112|599
466|276
402|416
250.6|722
250.92|585
599|726
403|311
578|427
707|250.42
492|413
250.2|745
905|905
787|V60
403|203
428|571
600|724
434|780
785|250.42
558|250.6
571|493
412|250
794|203
8|574
202|585
572|427
787|789
402|278
342|250.6
295|276
424|530
626|621
295|282
280|280
311|428
425|E888
515|403
V62|493
V42|403
V15|742
428|157
218|278
305|413
491|578
790|250.7
413|337
783|493
V42|V45
428|999
577|305
427|410
276|250.22
440|401
584|730
53|428
486|250.01
295|348
V85|530
585|518
535|578
V12|401
496|784
250.01|724
591|250.01
591|276
558|250
428|459
465|V15
305|562
424|511
795|530
410|995
288|780
404|396
784|E942
861|865
786|289
250|794
428|412
252|780
204|780
413|518
V63|578
250.6|41
42|428
707|263
288|250.02
852|599
837|825
276|441
789|571
780|E858
535|41
785|599
518|493
921|250
998|8
997|444
250.6|733
568|512
202|250
790|250.22
251|780
599|787
433|427
428|922
511|493
242|428
250.03|643
707|272
493|278
298|787
607|598
280|V43
414|433
490|784
414|794
576|250
413|595
340|681
592|591
250.13|112
428|E880
426|V45
164|250
202|496
250.02|784
V49|403
272|721
712|715
305|780
780|300
591|595
250.82|799
368|300
260|359
715|424
492|250.01
427|188
682|711
571|599
403|784
626|250
453|276
648|401
196|285
250.02|70
198|401
491|515
780|786
599|564
496|490
511|682
820|823
250.53|287
593|250
401|733
380|79
591|585
461|202
486|518
V45|V45
250.11|253
424|250.6
723|250
537|250.01
998|680
285|453
584|788
287|682
403|435
112|79
790|536
721|401
728|496
707|733
724|719
285|V64
295|805
585|250.4
821|824
411|112
280|250.02
8|579
250.02|573
250.82|250.7
425|301
250.8|250.6
250|553
196|170
E870|401
552|295
591|648
250.01|512
596|276
438|715
522|274
356|401
135|428
250.8|414
411|250.8
581|428
478|305
590|250.7
250.6|716
880|881
873|E884
197|250
301|V62
E878|287
552|998
507|787
285|280
415|722
626|625
38|451
728|427
276|V18
348|331
997|410
275|402
786|491
202|250.02
442|250
590|205
428|397
342|250.02
414|496
V42|250.51
682|E879
V45|584
V10|V45
427|710
284|150
205|250
362|250
293|250
E885|272
648|250.03
295|428
427|459
553|401
780|250.82
492|403
138|745
780|458
599|458
250.01|599
V10|692
425|578
458|427
250.02|437
250.6|425
585|E888
584|588
447|414
V85|535
998|424
53|414
729|438
E885|910
250.12|295
427|E885
198|285
428|296
276|174
799|530
V60|287
812|715
276|535
482|511
E947|496
276|783
276|724
211|562
456|276
292|590
402|496
507|425
790|288
287|41
789|780
V42|250
568|401
153|197
426|428
486|785
41|789
536|345
435|250.6
189|250.4
277|482
493|162
584|250.42
496|250.6
250.42|786
511|300
E888|428
491|135
786|585
781|437
239|250
440|208
567|404
428|350
427|238
401|185
518|560
386|733
560|425
490|250
250.01|70
428|293
424|V49
342|V12
569|41
285|425
997|285
425|569
357|369
153|496
486|402
272|244
250.01|654
552|278
567|789
331|401
263|808
787|250.6
287|70
250.8|496
250.01|501
727|425
414|715
787|624
568|V55
428|722
453|440
263|305
528|401
486|344
599|703
294|401
250.83|342
250.01|794
403|41
781|729
285|571
V42|427
295|599
574|411
707|507
250.42|351
496|560
593|E947
331|V58
996|745
276|309
584|600
491|250.03
428|710
288|682
780|618
401|788
434|250.4
569|276
780|425
276|917
789|303
38|601
996|250.51
934|466
348|518
415|518
443|584
709|782
493|V42
250.02|V12
394|710
577|304
481|518
V42|250.53
530|278
481|496
730|401
805|424
427|570
305|593
250.13|285
250.6|V15
595|401
738|401
281|250
458|250.6
276|211
285|537
250.03|784
250.6|250.7
518|251
599|799
250.01|721
196|584
317|343
401|112
280|412
V45|V10
197|196
722|596
276|404
586|427
427|429
413|285
255|401
515|424
599|996
780|199
250.6|719
250.01|110
996|453
716|790
500|600
403|272
414|466
682|8
865|805
253|278
250.01|E812
571|456
560|272
278|416
V42|250.4
V42|786
70|70
493|70
424|519
455|536
682|744
785|250.82
8|599
785|278
682|782
492|V58
581|780
295|496
369|370
8|266
481|204
557|401
287|493
280|261
250.02|244
451|733
710|714
578|250.01
135|250.01
722|414
428|79
540|401
434|599
272|780
252|278
290|V66
250.82|403
250.8|294
250|486
722|250.01
682|424
427|868
821|496
305|306
112|250.41
304|401
411|535
414|998
250.83|E888
564|250
789|V55
654|648
289|458
286|413
263|496
682|493
599|263
496|273
238|300
425|8
536|577
94|276
250.02|443
427|780
203|787
710|428
414|425
413|402
585|426
518|558
583|780
782|278
584|438
250.92|428
786|162
996|41
799|348
578|250.02
245|?
530|305
530|319
530|553
70|V43
288|591
726|719
909|V10
593|250.01
780|402
362|366
303|788
481|202
250|599
618|788
507|511
362|250.6
584|250.6
443|401
293|403
592|711
507|38
282|496
295|455
427|E950
584|521
492|724
486|152
519|787
198|251
995|585
780|758
250.41|428
780|873
250|365
401|840
710|585
E878|305
244|285
569|211
802|E816
304|738
599|682
728|707
642|250.01
780|V45
280|537
435|427
250|598
157|197
309|301
285|211
250|416
E888|331
145|285
428|295
496|274
995|733
425|404
202|E888
728|402
577|577
425|272
41|714
305|531
250.01|707
491|571
340|443
569|285
578|535
794|780
41|709
456|250
741|599
272|276
403|441
386|402
286|728
250.6|682
707|250.01
458|787
253|473
536|530
403|583
427|535
411|784
250|228
788|438
552|552
250.92|276
351|250
427|368
162|263
42|304
558|575
823|250.02
518|515
707|327
410|285
300|311
250.82|250.42
V85|386
721|250
440|429
584|997
428|135
428|305
411|796
482|427
617|617
507|250.01
459|250
282|V10
607|250.02
V42|707
250.02|608
130|780
424|E888
403|490
574|V42
794|414
276|V43
496|197
715|414
250|110
E944|401
596|401
346|?
491|785
402|530
332|437
459|272
933|530
V64|414
518|465
250.92|211
263|414
414|423
250.13|577
295|70
403|153
411|820
286|518
998|196
511|518
493|402
574|518
403|70
481|585
496|V42
396|401
434|402
996|427
728|274
995|586
250|477
518|162
E939|496
599|411
790|294
434|997
522|401
840|726
780|593
411|785
198|507
250.02|289
162|511
728|599
303|292
511|275
411|333
V53|428
558|403
205|250.4
733|332
285|758
459|401
394|397
786|425
276|511
557|427
496|304
682|458
790|892
V45|285
V15|414
585|263
491|396
205|276
486|382
782|715
357|415
397|396
553|530
585|451
560|995
789|272
560|465
682|?
401|583
590|438
288|153
424|719
712|250
733|682
514|276
493|V85
572|584
250.92|285
250.93|303
250.03|788
280|715
585|413
492|V45
453|278
707|924
611|V45
496|457
789|781
255|427
812|V85
250.02|562
515|427
486|287
805|276
250.83|646
969|780
425|70
614|285
507|250
403|413
411|530
414|239
403|414
295|575
250.41|492
517|493
359|V46
496|263
250.01|344
736|427
284|70
303|692
781|V45
250.11|287
784|461
428|41
40|403
576|532
572|198
425|429
287|287
V10|530
410|8
201|198
414|112
486|590
696|496
518|285
V57|V57
618|401
276|197
311|V58
998|E888
584|722
584|453
278|784
427|272
196|255
250.6|917
591|593
272|V15
799|424
250.92|729
154|780
730|593
438|410
416|424
515|428
574|305
958|414
425|491
511|250.02
714|427
411|437
707|794
295|E956
287|821
276|250.42
198|196
682|263
807|923
584|305
493|112
781|276
996|440
V45|412
250.02|41
423|272
518|413
280|E888
379|250
295|250.02
425|909
285|284
813|733
305|410
441|401
518|196
E919|354
805|808
305|301
403|250.42
518|398
411|292
600|278
486|414
571|331
584|535
998|707
276|413
496|E931
428|575
250.12|305
585|710
428|274
427|566
557|250.01
996|996
411|576
491|466
403|787
608|8
204|250
496|458
789|199
496|515
V64|401
414|521
11|707
728|780
368|250.92
403|410
250.6|244
781|496
584|250
584|482
403|368
424|584
E885|486
598|285
781|278
262|276
785|996
291|496
434|276
211|280
998|682
401|682
496|295
337|?
557|428
942|943
340|323
203|70
411|250.52
287|428
780|584
411|511
359|?
491|584
805|427
293|285
575|555
491|447
620|599
729|E936
581|V45
486|94
536|V45
70|348
244|427
309|V61
250.02|E888
250|648
438|188
808|821
453|438
294|276
276|487
571|291
272|272
344|707
162|491
250|873
453|511
444|414
577|496
272|305
250.8|731
491|426
250|205
305|285
427|153
578|786
112|496
564|V58
578|340
414|438
70|282
451|453
427|242
250.6|280
250.82|397
250.7|682
V63|425
411|707
998|785
241|250
710|496
998|571
604|401
599|E936
585|707
426|238
599|596
511|788
807|414
284|578
309|305
250.6|211
492|780
233|250
574|428
V45|428
278|519
296|313
616|625
577|263
680|276
566|250.82
496|786
135|599
E812|401
682|410
516|53
428|553
428|458
291|276
459|787
337|786
428|250.82
995|E942
486|562
824|250
621|250.92
276|205
294|311
285|461
277|486
491|8
599|V45
410|305
599|438
415|250.03
280|581
276|300
780|920
276|274
331|343
403|958
821|E812
8|425
41|427
584|519
410|250.03
250.6|438
428|255
341|782
293|600
203|276
715|276
786|300
626|250.5
8|785
285|V42
70|786
737|414
496|218
558|250.01
278|250.8
707|70
427|593
585|785
404|276
710|112
303|311
283|569
607|V10
427|284
511|780
123|304
420|402
571|593
332|427
733|731
280|E849
260|518
427|434
203|780
585|453
401|424
496|309
787|788
560|274
138|199
401|274
584|348
998|413
909|E879
?|244
197|552
411|397
577|780
585|E930
575|576
590|530
496|331
424|396
357|250.51
41|790
427|203
998|736
584|492
403|420
342|780
290|402
291|401
873|250
577|578
401|211
808|E881
840|401
491|272
496|416
577|733
250.43|250.6
263|427
728|584
493|250.01
202|414
E878|787
496|441
789|V58
530|562
250.01|694
250.01|V15
780|331
250.6|250.5
401|462
698|E942
759|459
300|V45
585|799
738|250
592|592
518|585
250.02|945
437|331
466|428
592|276
349|276
446|585
38|584
290|250
722|250.8
411|410
591|250.02
584|574
250.02|465
428|884
403|466
496|410
790|682
428|443
486|305
427|515
424|285
518|482
512|496
250.41|70
410|403
453|518
196|496
396|453
275|712
427|V10
250|533
197|250.6
680|680
482|255
289|E849
721|402
288|287
250.92|721
V85|244
401|250.42
799|305
250.02|440
296|280
291|250
799|427
401|794
681|41
513|250
569|401
492|428
359|276
314|250
864|860
530|530
332|596
403|535
427|578
492|518
425|562
280|558
332|250.6
354|355
707|453
719|786
112|250
336|401
564|250.6
287|783
577|250.53
707|784
V57|V43
786|250.02
255|253
413|412
552|428
474|780
278|V18
304|519
780|411
276|410
279|250.02
736|250
425|996
292|404
440|447
786|276
599|511
V58|345
518|112
250.6|412
E885|414
713|707
V42|162
518|599
850|920
V45|250.6
274|715
78|75
552|401
616|286
271|560
280|V54
719|V49
V58|V43
590|996
865|V85
401|729
715|780
203|427
560|250.92
401|715
799|411
999|285
684|682
197|263
599|154
424|411
573|255
435|786
459|457
E849|331
800|802
327|250
682|722
274|250
280|250.01
519|506
342|438
507|263
428|V15
276|873
433|722
780|?
413|493
787|401
414|682
711|250.01
276|696
8|507
V12|412
283|401
750|411
276|V11
530|276
787|311
250.03|309
780|721
263|287
492|786
250.4|428
490|414
411|250.41
305|799
590|38
413|794
515|416
592|617
578|599
272|573
728|287
585|996
250.02|307
250.2|599
482|V09
272|536
569|560
396|250.7
573|250.01
424|286
711|599
414|296
401|428
496|311
998|569
413|786
788|783
403|429
284|202
203|584
434|486
599|250.52
518|8
162|799
287|585
311|300
487|250.42
571|780
453|199
357|285
486|575
574|599
250|790
403|252
314|?
728|799
424|568
724|V45
276|E942
293|596
724|724
578|428
411|438
486|515
V85|490
413|780
455|280
263|403
263|250.03
999|428
427|625
424|244
998|453
287|560
242|785
250.02|38
250.92|253
428|928
733|486
681|401
584|197
808|807
428|286
250.02|402
174|434
425|433
574|250.6
276|191
599|E880
280|154
250.82|414
250.01|491
604|599
401|238
648|345
284|V55
263|112
427|492
585|412
425|250.4
250.52|496
550|311
197|576
780|278
420|426
511|799
276|808
560|599
458|250.8
305|300
428|596
682|686
518|577
482|516
599|574
V17|305
996|711
404|250
295|V49
401|V10
285|250.12
250.12|410
799|585
298|250
401|296
728|250.92
250.11|?
620|218
287|278
591|278
571|595
286|V58
413|584
731|250
493|V45
V15|396
276|214
414|599
466|569
780|189
242|426
157|780
599|284
608|782
424|250.52
581|486
590|995
682|110
790|295
433|414
250|791
780|V15
435|511
250.83|250.6
218|620
530|584
486|535
414|250.01
250|V86
599|355
482|490
402|V15
780|312
780|285
511|196
112|493
38|41
616|701
8|733
250.92|41
578|707
788|560
491|280
599|304
286|428
781|285
789|789
599|413
574|414
428|506
727|250
996|721
578|446
620|614
362|250.52
781|238
V62|309
584|157
787|794
154|401
483|799
965|787
426|250.01
276|153
427|185
70|578
562|401
840|432
250.6|584
157|496
599|997
682|794
813|427
250.02|686
198|250.01
344|41
585|V43
707|250.81
250.6|112
995|707
414|437
805|253
780|V10
427|70
280|434
428|V53
E849|716
426|998
441|492
852|873
461|250
423|416
574|600
996|280
682|916
401|70
456|8
250.6|781
250.6|250.83
424|413
710|285
410|496
163|284
197|495
276|317
486|404
276|V54
516|250.02
611|41
492|70
413|263
263|437
781|780
250.92|434
536|722
444|337
707|715
424|403
250.01|438
401|599
250.01|585
458|403
599|728
599|412
414|396
250.01|553
426|568
305|250.02
428|V57
287|197
441|287
242|276
574|530
250.92|403
801|458
292|440
423|413
780|E854
425|608
174|401
403|V46
413|729
625|250
428|250.1
694|401
790|707
427|E888
574|574
518|292
807|E885
411|578
599|733
584|466
719|V58
585|531
438|733
403|250.8
530|250.02
203|453
41|250.01
292|780
411|585
785|584
907|?
999|999
250.13|401
496|997
410|997
560|244
883|E919
730|427
427|263
397|294
294|332
162|244
723|729
571|576
250.01|785
579|V18
V45|305
799|135
786|331
787|780
507|112
530|280
E931|414
427|311
711|250.03
427|250.8
250.02|998
250|466
511|394
444|707
250.01|150
729|429
515|396
238|250
250.02|787
703|285
250.02|131
285|618
472|786
250.8|473
575|305
557|518
433|426
910|916
730|E930
578|556
682|E916
285|812
250.02|692
303|912
250.01|425
303|584
434|414
250.92|707
599|?
596|428
198|189
788|286
424|311
285|562
496|727
250.03|659
250.01|845
196|533
514|401
493|714
496|571
511|250.01
288|205
250|333
394|305
567|427
401|410
440|731
280|788
280|403
424|518
807|861
425|255
427|618
276|592
250.11|560
197|428
197|427
413|276
295|425
E936|289
486|E965
276|327
581|571
250.51|362
507|599
401|465
286|280
250.03|787
250.02|V66
453|820
584|8
276|459
786|V15
250.02|577
172|414
575|599
512|276
518|402
707|332
8|496
294|493
729|784
719|V12
807|E828
728|275
344|414
536|263
440|V49
362|389
793|250
41|465
481|427
707|826
410|453
493|686
413|585
403|197
403|332
250.02|E942
276|253
599|435
E933|?
682|591
276|997
648|644
584|933
155|250
250.12|296
783|250
425|303
560|410
250|877
574|425
515|491
831|920
412|458
799|47
250.6|403
356|250
414|280
8|585
112|131
572|112
482|493
920|E885
250.42|581
250|714
490|428
260|197
280|780
E878|428
562|553
599|998
304|507
293|303
571|458
756|401
453|428
425|396
290|331
197|426
293|558
413|492
790|427
274|682
642|250
414|486
280|998
292|250
197|401
424|389
558|401
263|599
304|309
496|250.8
725|401
255|255
402|244
242|250.01
E947|414
486|42
730|8
490|401
413|280
852|250
786|211
745|786
789|724
250.02|295
425|244
292|518
348|348
287|211
376|250
276|694
250.6|788
410|433
V43|715
289|780
518|250.5
414|535
41|682
250.02|564
162|555
V14|V58
574|577
486|574
577|997
V42|244
682|250.42
276|337
789|428
354|357
785|728
564|250.8
V54|250
998|617
453|204
599|301
726|733
V49|401
590|585
584|380
250.41|642
466|79
284|250
250.13|584
428|340
496|E880
584|591
585|V10
805|511
250.6|278
820|E888
V09|496
250.8|53
344|427
524|729
425|197
781|331
595|599
286|250
280|571
250.33|276
250|388
491|998
373|V08
189|285
250.6|312
301|722
722|285
162|250
413|424
428|348
789|782
442|496
785|785
250.92|227
289|593
729|782
599|V43
250.01|824
642|250.4
425|285
138|427
790|E942
348|584
276|515
444|427
250|725
427|726
788|V12
357|338
250.92|424
250.4|593
491|V45
577|403
8|458
707|414
814|285
998|425
652|648
285|733
303|244
847|842
493|713
799|402
585|250.41
780|V12
414|250.02
730|424
424|309
V10|V43
250|782
531|492
324|285
591|596
584|286
435|437
634|250.02
411|443
284|E933
V42|531
590|780
434|403
426|276
403|284
220|250
820|862
42|276
518|619
250.01|787
424|305
53|780
786|564
784|346
487|493
998|250.03
344|250
250.01|307
785|263
V85|41
250.02|967
41|458
997|413
437|250.02
285|250.8
786|511
711|707
V62|402
493|723
510|38
301|780
516|410
535|403
780|340
255|250.81
590|250.03
996|305
511|411
486|250.8
426|V58
427|398
430|780
416|401
250|600
201|414
291|365
413|787
424|349
156|599
296|244
648|250.92
280|458
285|478
682|873
428|577
250.52|250.42
196|997
280|E947
70|572
250.92|427
286|571
486|396
530|250.92
292|682
530|715
572|276
707|709
179|250
V62|305
272|530
378|414
276|V85
792|401
8|780
682|958
300|312
413|286
428|198
491|411
892|E888
291|794
205|786
282|573
401|782
496|E932
426|416
972|E950
496|721
586|782
492|710
413|41
790|412
707|457
304|493
433|368
416|414
285|455
434|788
250|346
607|733
807|401
427|455
786|250.4
625|305
287|303
780|294
250.11|250.41
812|518
427|436
424|715
465|344
515|250.6
515|455
805|584
410|E878
578|574
304|724
620|568
781|342
E942|285
591|433
799|518
276|516
567|496
425|E878
998|581
305|292
458|380
294|426
276|E931
892|250
403|786
250.01|945
38|404
V45|453
600|601
250|659
V58|440
486|707
402|396
34|918
496|998
536|112
410|466
411|250.6
465|780
591|396
788|567
153|493
250.6|433
584|426
486|648
94|413
250.22|584
733|250.8
41|8
402|731
562|595
427|745
444|401
413|477
404|781
571|295
562|682
485|157
564|V18
250.82|255
197|438
V45|V43
425|584
300|250.42
428|745
788|593
204|585
780|518
E932|465
300|296
584|577
584|578
496|728
446|511
584|250.7
429|401
576|530
285|E880
250.6|493
427|998
723|784
682|154
348|E812
250.12|41
789|493
575|789
427|250.51
682|567
162|357
402|V45
250.03|780
534|567
511|998
301|496
434|585
278|346
V42|V58
410|E935
250.02|574
785|272
424|135
403|681
998|719
598|788
276|162
786|599
518|263
558|599
584|648
807|834
198|998
572|572
283|564
250.02|284
725|244
358|244
680|585
780|790
532|285
591|998
593|414
780|290
250.02|782
586|276
250.92|389
584|751
584|331
682|780
487|276
455|250
V58|403
250.52|362
599|E930
305|443
413|332
307|306
255|301
784|E888
348|276
276|455
427|296
707|466
428|42
250.02|799
569|567
V16|250
E879|788
413|153
250.02|251
300|V15
784|331
250.92|278
998|790
909|599
825|E812
491|787
401|V43
601|250.01
272|414
593|596
41|593
785|151
710|244
486|162
785|427
428|294
682|253
438|799
285|511
996|250.7
250.22|428
250.92|345
250.02|348
420|511
42|250
574|553
288|250
572|577
403|278
997|434
135|263
593|250.6
592|41
250.6|250.42
250.02|459
799|185
415|799
682|278
585|280
V46|428
285|338
272|?
996|998
198|568
428|729
425|41
550|244
425|458
584|368
201|296
515|414
860|250
276|537
968|E855
591|584
425|787
568|311
427|V43
434|799
300|V17
287|396
250|535
285|585
251|250
530|791
482|518
785|250.7
428|866
486|517
250|397
424|E878
786|790
312|250.02
280|218
491|682
V45|244
E878|V09
574|403
611|E849
788|443
428|V58
250.12|493
680|288
592|414
151|287
319|295
250.02|378
293|250.01
E932|435
41|274
707|278
V58|493
?|272
746|411
428|E884
250.11|305
250|383
721|433
518|331
276|492
599|E878
787|786
V45|250.8
250.23|250.6
634|244
204|428
507|780
711|998
867|250.6
458|276
820|276
312|317
428|510
599|457
531|250.02
250.03|V58
250.22|799
575|682
295|491
424|492
496|564
585|305
719|V54
996|E878
805|E888
41|530
70|250.01
496|790
401|443
303|250.03
V70|276
440|785
585|514
707|574
162|997
295|311
E932|780
996|493
496|202
201|571
250.01|996
424|342
998|578
8|304
348|293
433|507
250|E882
340|401
585|244
814|458
920|202
E885|997
575|558
285|578
291|250.92
646|250.02
V43|285
411|V43
38|496
150|427
865|860
491|112
581|305
730|250.82
401|250.52
285|560
518|416
530|787
285|V44
250|342
493|?
707|416
707|260
276|358
285|295
276|255
707|584
571|414
250.03|E880
682|574
555|263
250.11|535
427|342
V10|305
427|558
496|415
411|250.51
560|289
250.02|733
410|396
518|535
276|E935
348|733
V85|780
550|455
296|V14
426|410
585|405
276|250.31
426|294
196|278
868|958
999|410
401|535
577|428
571|250.02
427|573
785|426
250.5|401
250.02|434
332|244
576|197
255|250
416|412
V42|511
507|427
303|V64
723|719
433|276
276|122
41|532
427|386
496|440
584|V43
285|188
568|250.02
530|272
575|584
79|?
401|455
250.01|789
285|288
250.02|8
250.01|300
998|202
397|584
284|250.01
263|787
536|584
250.02|492
428|404
250.41|413
?|530
997|282
286|789
444|459
715|428
780|E888
790|278
240|250
427|298
300|301
813|?
427|784
378|493
573|174
881|919
275|788
425|999
648|250.41
305|953
413|491
250.01|451
V42|492
496|577
892|E920
530|531
486|278
530|300
428|70
571|?
V54|V54
427|288
372|?
496|470
789|560
250.01|799
444|V15
599|305
722|403
440|250.8
238|284
401|366
584|493
883|585
E879|411
996|70
574|V64
319|250
281|414
157|518
411|250.81
427|391
511|202
197|707
V85|493
707|998
403|608
873|E888
413|331
780|250.83
790|585
250.02|397
303|456
572|401
496|E884
843|727
197|491
293|402
V42|790
266|428
291|250.2
434|303
924|E884
428|164
276|196
730|V09
596|584
250.51|614
789|733
560|41
250.6|V42
112|710
250.51|278
724|285
403|569
518|295
394|496
491|530
305|599
686|401
250.5|250.6
441|V45
733|428
293|599
836|250
70|790
596|585
599|340
38|780
456|285
794|496
496|453
E931|789
303|291
783|788
556|8
567|401
303|296
250|V27
309|414
344|344
724|250.6
292|250.02
V58|294
402|429
250.8|438
342|425
799|198
807|E881
466|V58
515|573
788|730
340|428
250|357
411|429
730|276
998|440
473|346
427|999
396|398
286|472
285|493
V15|473
285|840
157|280
398|425
411|343
567|518
428|V10
807|250.01
E878|202
453|V10
413|396
276|332
491|487
250.01|294
397|398
585|410
425|153
518|396
397|250.01
426|70
425|250.6
786|280
V85|412
E935|41
493|788
V85|285
250.51|428
707|413
996|250.01
426|782
790|491
276|785
414|426
196|511
584|601
358|496
296|276
446|790
781|599
736|244
584|250.01
715|401
250.02|796
202|250.8
599|250.8
276|E885
785|731
403|280
722|244
860|865
724|737
726|401
995|566
491|453
996|719
427|250.1
435|272
276|204
135|250.6
518|466
250.01|716
276|569
618|623
568|204
427|564
410|411
599|404
250.02|487
427|437
518|305
280|997
157|588
805|202
349|723
294|285
595|733
567|403
706|41
305|491
569|578
?|E888
682|715
V63|496
263|250.81
493|V46
717|401
42|486
574|38
250.01|332
285|564
425|250.92
263|319
584|38
276|742
426|787
284|41
852|E888
416|682
788|53
280|564
250.92|E885
396|410
250.03|411
812|811
424|E880
496|284
584|296
203|599
197|272
204|790
357|204
593|401
493|442
719|255
571|272
303|682
157|577
424|41
795|786
780|443
805|250
250.5|V58
491|V46
250.6|945
250.02|V46
507|189
?|591
410|486
424|410
518|821
585|511
562|496
424|296
573|410
585|288
250|295
316|692
682|404
V42|426
292|304
337|401
411|515
486|593
250|E881
786|402
E928|250
716|310
496|442
112|535
403|580
V62|250.6
733|250.03
560|578
E939|E849
411|203
411|425
584|250.53
434|351
174|196
790|518
487|272
996|424
260|41
577|287
250.01|174
577|790
807|873
411|492
401|E888
250.12|535
138|E885
516|429
783|403
785|424
789|572
453|250.02
455|272
557|278
425|558
E888|396
198|V15
584|337
V43|272
599|493
250.11|272
560|493
E935|250.02
E939|715
595|276
466|427
250|433
813|802
486|291
276|627
486|490
824|599
705|250
428|179
294|V62
402|427
428|590
285|553
496|198
V45|493
556|599
789|577
401|290
41|414
205|414
427|E878
304|722
728|465
276|E924
862|805
648|646
245|250
250.02|V03
599|558
427|435
295|V58
428|924
155|576
781|784
821|285
250.41|682
410|416
211|535
250.22|599
496|813
443|V58
289|250.02
250.82|E888
512|427
311|346
280|626
707|560
250.92|948
V44|414
574|280
788|790
250.01|719
482|428
532|280
428|785
396|250.02
593|726
340|511
403|459
789|250.8
293|428
569|172
27|883
34|244
197|276
924|250
285|E816
789|288
599|250.1
575|410
198|591
710|478
250.02|893
250.02|576
344|401
276|482
730|599
250|411
344|250.02
813|E888
511|584
153|424
785|250.13
V63|780
794|305
250.01|873
285|255
486|70
193|250
518|E880
789|568
581|250.4
338|250
196|188
287|590
340|285
233|401
135|728
342|428
496|E888
112|112
357|536
250.02|279
808|E812
368|729
250.8|285
577|250.02
340|41
426|780
573|568
784|342
785|481
535|571
300|564
437|403
414|728
707|250.2
280|614
V85|402
285|905
729|433
305|962
421|427
250|515
780|263
681|428
201|41
250|696
250.03|211
250|458
980|?
486|300
42|425
394|584
427|714
198|511
788|185
287|200
38|507
682|729
998|?
250.02|788
332|562
427|577
112|427
401|426
V49|707
397|789
574|412
574|276
491|250.41
300|?
486|996
305|681
530|790
292|465
79|278
414|202
820|707
413|135
V15|274
453|162
435|V45
428|696
401|787
250.01|309
197|285
427|250.82
V17|401
599|577
518|530
250.01|E933
285|532
305|70
583|?
823|780
309|309
432|428
E879|272
293|250.02
250.02|642
511|331
250.01|244
599|338
278|?
285|716
250.02|644
836|718
799|278
218|401
250.01|197
411|596
250.01|788
294|780
799|244
566|682
787|438
411|703
787|530
434|782
492|401
998|580
41|996
511|997
V58|443
294|250.02
427|303
199|414
785|786
301|427
585|V44
284|305
250.22|531
250.22|572
518|722
508|593
569|V45
427|576
710|425
41|331
791|682
272|564
242|250
564|E947
486|244
493|518
202|584
511|933
V85|276
401|345
276|595
729|722
410|41
585|242
780|924
781|250.6
571|V42
284|162
599|410
401|435
305|790
470|478
730|250.81
276|298
578|204
593|591
805|250.92
562|276
250.41|707
250.6|311
785|250.81
250.4|296
294|790
729|530
414|686
440|581
813|250
401|275
263|294
998|593
374|401
348|411
70|456
404|285
567|599
425|581
590|584
202|428
288|783
473|593
290|348
780|997
V15|V12
781|715
578|530
197|571
162|272
162|196
511|458
599|182
998|799
627|250.6
276|333
250.01|138
250.02|558
532|427
820|401
785|285
414|724
493|997
493|202
581|250.52
70|496
151|401
411|300
E888|424
307|438
199|496
756|354
998|585
250.01|342
273|276
38|203
491|303
492|410
780|343
492|707
287|426
250.03|782
428|V12
295|707
404|250.53
428|916
285|718
807|E849
250.11|250.6
276|608
200|427
424|515
263|285
599|252
404|41
496|250.7
8|V12
965|?
453|591
196|560
490|285
682|620
481|995
250.03|664
294|?
428|250.4
38|428
799|781
557|560
585|V63
440|437
583|585
437|280
799|250.52
250.51|250.41
436|428
585|138
424|786
403|162
682|305
448|401
441|414
996|595
560|459
507|560
197|493
250.02|531
250|795
280|8
V17|786
401|250.93
733|724
820|913
410|V45
584|203
722|493
250.02|572
250.01|E928
V42|250.81
311|309
493|455
578|584
296|V85
518|478
411|250.83
493|466
287|455
285|291
625|998
782|401
276|782
272|575
724|414
242|496
555|E944
465|401
403|244
289|250
9|456
850|511
453|584
250|274
293|784
V58|V58
378|378
995|250.8
530|707
759|401
250.02|304
427|174
250.02|575
253|250
659|426
203|585
728|426
401|416
585|E947
832|812
781|241
724|720
707|404
162|453
E942|300
427|223
724|V43
719|300
349|401
V85|416
595|197
707|303
599|E879
403|789
250.01|284
197|397
250.81|V58
585|789
150|433
41|453
E849|912
719|599
427|812
263|780
250.02|521
780|394
492|799
924|E888
575|496
250.82|413
577|491
820|812
428|185
715|782
558|276
304|536
305|V12
112|278
599|35
812|822
415|424
923|719
493|292
285|785
493|V10
294|397
782|276
786|E944
292|E950
301|530
114|305
446|276
174|198
278|780
648|424
998|V64
812|E849
492|250.42
486|250.9
518|250.6
731|707
427|571
601|788
733|716
453|151
648|250.91
250.01|199
250|437
784|780
53|401
427|E849
496|V10
807|805
304|682
E883|272
211|414
261|518
441|496
423|998
428|921
272|E819
427|490
607|607
307|276
456|789
425|440
386|435
496|487
571|286
584|280
38|999
E878|285
E885|813
717|726
153|427
250|733
V63|584
515|V46
250.6|585
273|414
496|8
E868|250
438|491
682|357
295|578
482|250
357|250.6
424|486
491|E885
535|536
305|424
250.6|250.41
873|924
286|590
585|786
280|593
728|403
437|427
581|250.6
496|300
486|250.11
577|560
455|244
558|569
404|425
647|V25
205|285
428|437
250|351
799|560
780|198
599|789
303|685
157|276
591|250.53
785|560
716|726
458|305
280|235
204|424
571|289
738|722
373|305
250.42|424
E888|401
782|511
250.03|342
784|V12
432|784
428|438
433|998
428|263
453|358
453|239
250.4|787
414|788
790|250.02
250.82|V58
301|276
250.33|584
436|997
731|401
496|282
808|585
197|151
292|401
997|553
733|276
591|493
428|288
444|496
553|789
413|723
535|531
276|294
V43|428
867|E879
427|211
426|?
394|427
150|458
569|785
426|E947
789|401
429|412
438|530
491|577
110|403
614|568
682|70
428|290
571|585
574|250.02
250.8|682
995|250.82
486|189
585|788
250.93|70
205|?
196|493
599|293
531|562
E879|141
331|?
413|250.42
584|295
185|197
276|533
466|414
196|414
492|600
511|512
789|250.92
847|847
342|507
153|250.8
276|965
440|250.92
E878|427
348|428
782|593
998|250.6
292|486
451|250.43
382|250
710|250.5
211|250
453|453
542|250
357|V58
599|710
571|250.8
816|E812
305|560
154|V58
585|466
459|695
535|427
276|117
426|E942
596|403
174|V45
296|?
410|V12
751|401
155|286
729|458
282|401
153|594
V43|E927
427|38
496|512
780|435
991|276
682|786
285|786
38|410
282|288
250.6|995
997|496
276|240
E937|E884
682|35
492|494
287|V10
861|866
569|792
42|263
V45|250.42
250.92|250.6
710|511
515|115
813|E885
426|424
416|250.02
244|493
304|357
E849|285
494|250
195|V10
428|342
252|427
578|694
250.6|411
599|694
250.11|590
585|378
285|112
E936|250
250.01|793
202|401
272|402
401|805
250.02|659
528|250
250|807
250.5|70
295|535
584|349
250|729
493|710
517|515
250.02|543
590|790
38|250.01
682|250.8
410|287
250.03|110
285|E888
414|250.5
648|641
496|E878
648|653
648|663
197|158
560|202
826|E916
785|530
171|285
250.2|584
414|787
723|412
424|799
459|780
413|997
250.01|E887
462|593
202|425
789|414
203|593
568|553
958|730
244|414
536|V15
599|879
250.01|883
413|305
584|196
276|150
294|425
594|493
584|70
490|593
V42|250.8
808|E885
599|730
958|282
519|414
E819|250
519|401
729|710
427|782
340|617
427|789
403|263
456|428
486|250.03
403|396
434|574
250.6|413
285|782
444|250.8
784|428
305|282
707|447
251|250.01
515|585
781|272
585|578
397|799
401|491
V15|276
578|790
560|789
823|873
162|208
396|493
799|340
486|272
276|581
785|429
348|250
250.02|35
294|290
496|255
337|403
518|E878
280|305
535|211
250.02|625
530|511
722|789
428|204
682|530
591|183
401|250.5
682|296
560|584
825|917
577|291
820|428
716|401
707|735
188|595
250.6|369
428|205
250|465
205|284
403|682
290|562
38|785
789|250.02
566|578
70|428
492|493
433|433
722|427
198|486
337|564
536|272
V62|401
440|996
295|331
625|599
402|477
443|707
517|532
810|E888
496|862
70|555
852|E825
197|261
585|396
250|V23
280|507
710|424
410|511
696|272
348|379
280|285
998|428
786|V43
250.21|413
569|496
427|611
382|351
425|412
730|997
496|625
201|E930
275|309
729|272
401|250.01
590|300
278|593
V09|401
704|?
8|443
183|780
V42|402
403|570
440|715
401|V16
E888|564
440|250.6
575|288
753|728
791|250
401|459
218|626
432|250.02
490|599
413|443
403|574
38|996
496|396
724|332
41|604
486|294
E944|496
560|997
995|486
491|410
E881|305
425|287
682|V43
397|394
272|458
413|536
733|242
411|V42
496|438
434|440
V42|272
790|530
70|414
788|781
403|595
558|285
305|304
584|562
553|285
511|244
250.52|518
788|285
397|414
466|272
458|424
V58|V10
860|E816
794|288
805|250.01
425|710
531|E935
790|E934
285|285
996|263
250.8|403
780|535
611|724
401|486
280|272
750|414
189|401
710|780
250.7|785
425|112
250.13|272
276|342
599|218
250.13|458
620|278
V42|491
359|250
250.13|414
560|250.01
491|278
715|369
250.52|491
250.8|696
493|519
696|401
465|V58
584|789
586|272
682|443
881|296
337|728
277|250.01
997|997
567|V15
314|300
70|812
491|458
112|41
V12|357
459|402
V58|E932
426|250.6
E950|300
536|599
287|486
780|250.8
738|V45
280|250.6
611|786
496|591
599|196
278|V10
250.01|196
E890|E849
585|873
556|518
276|V44
401|714
453|250.03
410|V42
250|131
444|250
204|433
714|278
591|786
788|996
566|995
415|584
997|794
424|E930
402|273
438|41
250.02|218
296|250.6
250|373
70|787
714|401
396|250.03
38|E878
401|585
250.42|427
295|303
285|799
345|438
785|423
150|496
442|799
591|70
250.01|423
461|401
789|8
250.42|728
276|E938
518|255
292|425
282|412
V54|V45
572|357
852|285
577|V45
135|466
250.92|799
788|E885
401|995
496|531
401|731
710|599
427|507
287|443
515|501
293|?
484|136
285|781
996|867
262|197
404|496
204|284
584|434
V10|780
564|V10
512|E878
278|250.52
782|E932
396|403
426|997
V13|250
403|451
261|401
332|250
250.6|435
707|571
599|386
535|569
491|287
806|272
295|V08
250.02|112
530|250.6
250.01|V42
276|304
850|952
E888|427
788|710
568|794
428|873
162|216
433|492
440|250.7
278|250.6
787|285
425|784
840|V64
427|813
496|183
463|?
569|434
496|562
280|V13
787|478
305|278
427|715
250.01|620
493|317
721|428
446|433
424|282
707|287
518|586
250|387
250.9|414
707|825
250.01|331
295|272
648|244
V58|593
411|433
493|331
250|369
250.01|V54
250.03|648
255|285
403|394
8|792
515|780
112|577
402|250.5
242|722
198|112
155|458
250.02|802
786|250.92
564|789
438|590
607|?
799|?
456|427
303|569
780|150
680|693
42|78
719|414
299|41
414|365
599|790
42|496
V08|250
413|287
584|410
38|585
250.6|416
320|276
358|250.6
438|287
435|290
250.01|434
784|388
552|568
E906|250
434|305
250.01|784
348|412
588|585
276|416
577|692
592|401
403|536
196|211
153|196
311|305
280|786
731|41
515|332
250.8|V10
288|131
788|428
E933|174
284|174
430|340
136|428
575|424
250.02|728
V63|427
E878|599
250.02|453
E879|250
250.8|E932
997|403
578|455
340|729
707|E878
584|580
535|428
575|573
786|278
411|202
997|998
585|784
360|401
275|414
823|438
244|?
788|349
424|433
250.92|410
V45|788
512|250
362|272
715|278
250.32|707
611|414
429|414
431|599
997|453
250.01|298
162|112
682|250.92
280|440
V58|250.53
786|721
486|492
411|458
707|197
511|157
356|250.43
42|250.4
560|386
411|682
600|599
41|788
250.01|V23
276|E826
786|996
250.13|491
648|656
259|?
431|342
287|250.02
428|453
443|491
414|327
250.8|278
403|E849
599|199
285|E884
599|286
38|305
458|558
V45|404
250.01|238
368|250
496|715
571|275
730|250.8
812|812
717|717
292|333
453|286
276|250.43
413|552
414|331
242|585
276|570
816|E818
285|V12
723|278
300|278
41|915
70|250.4
232|692
284|572
414|585
999|567
599|E885
?|733
305|54
599|311
E885|250.01
218|218
217|610
756|414
599|873
E885|401
585|349
428|536
274|272
799|528
337|V64
810|861
585|250.51
812|401
152|531
486|722
70|280
220|272
585|536
736|401
821|280
424|781
276|736
729|276
682|799
250.03|428
569|998
V85|461
535|291
428|564
788|568
794|426
70|568
293|785
780|270
340|414
531|280
V45|790
661|V27
584|435
891|?
601|250
424|402
682|995
729|745
253|427
250.42|583
403|250.43
416|435
709|250
284|203
466|250.6
840|250
562|716
730|496
250.02|620
621|627
401|332
496|94
516|414
456|496
729|427
496|783
493|250.11
518|995
435|280
40|276
425|278
574|789
70|577
585|284
410|996
42|585
496|533
261|576
438|427
V46|414
38|421
428|727
225|401
453|V42
413|403
286|729
V45|V15
205|427
250.02|790
511|453
250.02|E885
807|276
785|780
717|250
733|727
510|446
263|151
780|966
813|873
276|596
41|780
590|428
401|696
428|923
196|788
581|786
413|591
620|250
496|293
305|731
427|255
250.01|718
E932|250
788|493
482|250.02
135|536
337|414
466|786
493|E880
238|799
996|410
250.51|414
362|185
516|515
285|E956
287|250.01
238|782
413|721
304|428
198|E932
482|599
728|E932
599|646
434|433
571|511
707|V02
784|294
255|250.6
V63|414
276|924
275|496
466|197
861|924
327|272
250.83|V42
E939|244
649|250
723|250.6
840|E927
427|733
596|599
292|276
307|305
728|250.52
425|238
741|719
786|412
518|250.43
427|E932
276|356
595|E879
263|799
891|E818
301|297
682|996
198|250.82
340|344
428|E885
574|569
682|906
E888|250.02
285|250.52
250.12|287
250|490
515|710
189|250.01
701|V18
276|733
282|780
780|346
873|780
710|707
573|536
397|276
428|277
813|998
715|826
414|274
780|441
518|411
338|780
413|490
440|285
627|401
250.52|401
434|250.6
496|426
V23|648
616|568
357|599
272|285
584|41
787|211
410|263
411|250.7
70|455
250.03|581
250.7|250.5
288|560
552|280
491|564
V46|305
585|402
578|424
820|865
784|368
446|518
584|282
681|250.6
250.12|403
E906|E849
285|290
424|429
571|V08
495|453
250.2|V58
396|784
287|397
789|433
714|250
204|202
151|197
E849|562
112|466
196|174
250.03|272
552|38
41|558
596|496
518|707
456|305
599|782
557|284
486|138
578|496
813|841
733|425
357|300
682|680
627|244
250.23|276
348|202
250.92|426
780|275
599|296
427|E947
296|V12
401|360
599|208
789|585
425|284
892|41
524|584
998|599
799|7
284|428
682|695
278|493
311|530
V43|263
349|285
286|453
205|250.02
296|250.01
411|453
496|714
438|781
276|729
250.02|435
496|924
562|211
438|250.02
250.02|473
507|729
285|V58
250|V49
403|515
42|412
998|294
788|594
685|565
443|782
733|208
433|?
496|E935
794|530
486|196
996|300
432|250
250.02|E944
433|238
493|410
342|599
575|428
437|428
481|295
292|303
491|790
42|250.02
996|V12
303|780
112|414
680|496
435|414
786|787
285|327
693|E942
428|807
278|V85
70|780
428|812
70|?
578|250.6
E932|786
196|553
112|569
585|716
303|250.8
135|?
285|162
787|?
244|E932
V85|425
591|995
518|618
873|V45
493|252
567|153
332|V15
338|401
279|311
491|250.82
492|202
41|250.7
427|250.03
354|959
204|163
428|151
402|426
995|153
707|250.41
789|783
493|585
E944|250
873|401
585|438
342|276
572|576
287|342
524|250.92
659|250
276|434
250.03|571
780|536
786|272
287|V42
197|562
787|873
401|V62
V42|729
444|442
154|284
591|578
218|568
860|585
135|722
296|453
493|V58
340|305
786|458
296|599
208|496
V42|112
780|787
480|276
584|250.21
297|250
562|995
558|786
153|250.02
112|305
314|278
348|867
590|496
808|280
424|225
873|E819
V63|785
707|362
331|518
496|444
427|430
571|710
577|296
787|424
515|E885
401|433
599|317
401|707
535|715
444|250.41
578|569
250.03|492
799|736
285|477
782|786
290|428
344|138
996|V43
V58|616
250.22|250.6
263|585
802|801
250|319
599|432
250|736
599|303
V65|425
151|568
199|332
E853|965
486|411
465|428
250.01|642
997|511
415|263
599|704
301|301
424|783
574|272
788|295
250.13|530
511|162
532|531
920|923
411|288
556|287
786|396
276|154
198|V58
805|E885
519|799
787|715
403|433
41|E929
599|201
593|585
E885|V45
997|431
8|327
204|813
733|414
V85|250.8
707|285
724|272
402|492
303|70
280|413
493|726
112|437
599|625
568|414
386|V12
414|781
620|593
782|412
250.7|730
401|490
496|E822
531|276
562|455
250.81|8
491|996
250.01|518
492|794
250.2|453
285|813
722|274
491|793
162|599
349|599
402|424
466|518
585|303
351|401
788|V72
550|162
585|294
592|599
481|491
197|278
716|250.6
250.81|530
8|996
292|293
250.02|648
345|428
537|511
560|567
357|414
250.93|780
558|327
496|434
285|573
415|427
337|511
511|V15
V42|412
340|276
414|309
707|280
380|54
486|280
424|564
?|496
E939|276
710|435
724|781
250.02|E905
437|780
627|V18
577|V42
276|797
924|E885
491|255
493|E885
453|297
286|496
438|331
816|824
466|244
200|276
507|272
851|518
250.42|404
805|403
337|730
250.6|402
E933|183
599|808
491|300
440|250.01
276|V65
411|999
562|285
348|790
276|E936
V58|244
590|70
786|625
590|V58
250.02|V53
305|250.92
428|434
410|682
403|288
601|599
536|?
873|781
263|70
272|274
403|94
295|112
403|447
518|204
707|V44
576|599
716|737
780|728
784|250.8
173|250
562|434
250.42|298
292|427
284|784
250|V18
250.82|574
427|202
492|305
519|599
427|600
250.41|581
780|277
276|299
311|970
707|482
198|560
530|780
730|728
496|301
112|250.6
788|250.01
433|331
577|250.1
250.01|916
595|788
197|997
250.42|710
250.02|616
V45|438
250.7|V49
250.42|414
162|788
250.13|278
515|250.01
577|274
511|532
295|786
780|V85
516|486
394|287
444|V42
845|250
996|492
157|560
420|162
305|402
413|433
V49|V45
218|618
331|427
250.02|331
435|442
682|285
428|955
780|486
285|486
434|250.8
428|607
496|294
386|414
722|354
293|280
486|255
574|492
462|305
493|998
345|162
401|310
276|53
295|304
919|789
599|E944
349|250.02
250|112
511|280
287|250.4
707|436
567|486
569|780
250|492
969|?
V62|496
783|285
923|278
458|599
465|427
285|727
358|276
997|250.01
424|522
276|626
396|V43
518|272
820|496
41|?
331|431
413|466
428|V85
250.8|V45
196|786
719|285
511|199
162|401
42|403
577|584
780|E850
519|786
112|295
997|E878
300|319
428|995
285|736
250.02|515
250.8|786
162|486
496|241
410|413
428|250.5
535|496
410|250
493|250.1
707|486
781|250.02
282|458
591|250.03
357|730
998|996
426|285
515|112
997|584
515|496
784|345
585|416
156|255
786|197
576|574
491|197
403|530
365|564
807|599
824|E888
486|519
427|728
491|491
787|458
198|192
276|291
465|285
414|429
648|670
585|112
482|786
790|428
562|305
682|V85
781|724
V58|789
382|593
426|486
280|599
730|584
300|496
496|482
135|786
311|301
397|824
780|250.5
250|281
577|599
599|794
431|162
577|573
585|250.02
780|310
860|518
V45|410
511|285
453|799
607|786
250.52|244
691|112
250.51|403
402|250.02
V45|530
202|284
473|780
493|327
567|571
427|621
V10|785
799|V54
881|E885
401|536
E935|276
401|616
250.01|250
291|291
428|721
729|428
112|288
250.41|401
202|E933
112|401
482|458
403|331
737|250
8|263
562|620
521|401
E888|496
410|277
491|250.4
593|433
277|414
E932|401
403|416
577|782
782|402
368|781
681|681
496|730
349|250.43
424|272
427|404
438|729
250|625
285|491
491|441
428|332
413|V42
486|285
427|349
295|435
729|781
820|403
473|250.4
681|882
70|567
E879|233
410|607
E878|276
342|V08
291|599
304|250.01
486|198
725|250
648|669
780|412
781|788
250.83|536
491|198
599|253
781|996
250|710
250|459
995|380
424|562
276|429
584|272
204|79
692|250
454|250
294|348
574|584
789|788
496|751
424|461
278|414
682|998
414|493
428|297
486|259
429|486
250.13|998
276|250.2
711|250.5
E930|465
255|558
304|303
250.83|?
V57|V54
416|423
V58|414
344|599
599|556
250.13|649
112|250.02
305|532
285|531
446|287
998|250.01
204|693
570|196
728|786
138|250.6
578|331
E880|401
425|490
70|155
?|427
276|519
296|272
493|492
789|403
411|250.82
458|301
788|292
280|E880
996|558
289|518
278|428
599|250.7
453|402
714|311
292|E885
782|578
515|518
785|112
427|799
511|V58
250.22|425
V10|311
537|276
438|403
359|733
786|793
284|205
272|465
415|492
864|250.01
482|38
66|719
799|303
E930|250
682|396
427|924
284|584
131|278
150|278
433|V58
428|440
342|458
276|704
250.01|416
425|782
250.81|416
250.03|V65
617|627
319|V15
515|41
288|465
279|496
599|V62
518|V10
536|250
745|785
244|274
413|733
250.8|E939
560|411
305|786
492|244
714|593
462|53
485|401
722|305
416|327
E878|41
566|250.02
518|E938
444|285
301|280
891|250
536|560
924|E917
780|725
999|276
584|998
369|?
788|562
250.6|427
578|300
959|873
478|401
292|414
411|416
787|402
576|38
493|515
293|287
578|456
218|614
512|413
425|438
276|568
584|202
453|288
577|789
428|?
428|905
571|285
296|530
250.02|110
805|E884
250.02|556
189|263
799|780
V62|303
296|971
250.01|816
496|112
788|E938
38|332
710|204
780|521
278|627
250.51|411
410|402
303|731
250|569
292|585
V54|V58
295|290
785|284
584|782
402|201
346|401
453|535
402|411
461|276
425|514
530|729
428|783
250|424
577|575
427|440
250.03|282
730|250.03
284|432
543|250
295|530
250|V62
785|250.8
276|349
323|41
413|E885
906|250.6
155|789
401|719
486|250.82
310|250
997|491
567|491
707|275
425|332
682|745
348|305
781|414
275|401
193|245
294|991
162|492
574|496
486|V64
482|799
623|250
428|692
552|250
491|250.8
641|648
157|427
486|569
718|305
924|305
V58|V13
250.02|997
278|715
584|250.43
584|242
575|401
250|521
410|250.4
998|625
293|112
250.01|453
424|304
250.01|577
721|716
821|464
413|250.8
285|574
782|250.6
581|250.5
309|412
276|245
250.8|788
298|294
799|E935
280|713
584|780
780|E937
345|584
V43|138
V65|?
578|403
336|344
304|781
619|250
564|V45
575|250.8
250.01|E888
592|412
785|162
530|?
287|E849
V63|593
438|290
411|V14
780|E849
607|735
805|599
319|278
410|348
250.8|276
511|396
79|790
458|428
458|780
574|784
V15|724
433|997
518|294
698|250
591|722
722|426
298|780
275|276
617|625
585|491
453|287
282|276
278|724
70|296
706|250
?|493
E858|790
401|730
70|403
444|823
250.8|54
799|434
250.02|293
V58|584
521|427
414|780
401|295
562|558
730|403
285|681
250|E816
V62|301
424|807
496|747
263|577
436|342
531|496
250.81|646
344|336
710|41
584|444
622|305
E880|E849
135|729
591|996
V45|593
?|346
562|562
567|707
150|70
250.01|653
425|481
94|401
861|850
682|731
276|522
348|599
411|486
415|560
250.01|537
403|292
301|724
300|290
421|730
414|V10
496|404
288|197
263|493
441|799
458|250.42
466|250.02
584|278
294|995
250.01|V18
428|784
437|433
E884|290
291|493
681|682
135|719
614|621
577|V64
601|250.22
781|682
272|574
780|135
533|250
324|427
V64|250.01
250.92|E931
42|202
396|515
436|414
413|250.53
250.22|577
997|618
274|250.9
276|382
571|218
295|275
836|715
287|584
424|725
581|404
428|717
590|263
V54|922
260|296
423|414
401|512
250.81|731
292|998
295|V64
V64|280
250|591
250.9|278
357|729
V58|522
584|277
295|E888
998|250.51
138|414
11|420
511|415
787|305
785|730
799|698
250.03|621
421|425
705|401
682|250.82
198|491
515|402
V10|493
799|491
250.93|730
E905|250
135|401
599|487
789|584
287|458
781|427
590|41
596|455
493|403
250.8|345
577|998
560|197
431|593
696|789
290|332
136|311
196|289
424|250.13
444|444
285|E849
E885|715
153|728
607|412
682|V49
808|599
438|V57
203|288
428|E932
600|596
998|444
38|278
428|279
789|562
V70|250
579|250
250.81|491
787|403
599|153
V49|250.82
156|197
995|584
584|999
250.13|428
492|997
787|E935
79|250.4
486|710
996|250.4
907|250
278|781
511|E878
572|780
453|53
V63|70
112|736
280|455
995|577
276|384
215|250
112|280
250.8|780
242|998
581|414
250.52|276
413|571
425|E885
291|577
625|618
411|204
250.93|?
272|311
70|250.03
465|250.6
432|342
250.02|519
283|250.02
285|E879
560|574
996|250.13
492|276
252|227
786|729
693|785
397|472
250.4|404
507|491
250.02|995
441|441
780|907
575|38
707|V12
285|153
250.43|V46
451|250.02
780|E944
250.6|813
416|426
301|300
995|590
730|790
682|38
425|724
707|787
250.92|V10
198|428
710|729
E935|250
574|340
368|780
203|998
577|401
E900|491
428|8
250.8|303
555|250.02
250|583
414|571
515|536
250|242
433|272
250.02|805
414|410
285|737
595|233
789|578
288|403
250.1|401
710|616
722|425
584|250.92
404|427
724|?
348|573
250|558
570|250
196|153
250.51|285
344|368
788|204
V70|496
625|624
286|285
518|458
625|346
792|531
250.7|414
272|786
250.03|250.83
595|41
8|682
919|E885
276|796
276|991
288|202
616|218
799|785
70|411
296|428
289|8
496|214
574|519
250.13|V15
344|139
295|537
711|682
403|235
515|500
250|664
714|250.4
250.02|560
571|573
511|789
413|398
537|285
493|799
733|?
560|250.41
294|969
250.82|682
997|250.4
717|719
599|198
250.41|584
710|517
711|274
292|E939
288|574
250.03|519
287|V66
396|438
722|585
867|599
79|287
250.03|577
276|443
572|466
584|250.51
250.52|411
789|998
599|433
201|401
755|250
599|718
478|204
537|577
413|438
514|414
528|E931
432|E812
295|301
997|787
805|920
250.6|491
575|285
250.7|518
456|585
250.8|730
286|414
319|521
585|478
38|250.4
E935|250.4
424|728
303|494
V54|496
790|305
287|456
585|562
38|574
250.02|536
730|711
250|287
681|945
707|892
518|V46
250.01|515
493|303
799|711
53|250.5
427|517
141|401
205|997
585|110
787|783
250.92|705
250.13|425
799|515
112|348
296|300
250.01|201
437|562
287|574
496|266
197|413
285|424
E880|250
511|599
711|250
41|244
?|780
412|427
879|E888
724|427
435|428
591|185
924|250.7
995|281
496|250.41
482|482
344|453
427|331
682|790
53|204
287|515
787|455
153|280
250.51|276
782|250.02
156|427
38|998
493|564
599|616
250.11|331
342|378
277|276
401|555
599|185
250.01|571
706|585
403|553
621|618
303|278
V58|496
812|?
250.6|723
486|304
429|729
427|824
348|296
250.01|578
507|493
421|403
574|303
250|410
E888|V10
70|E933
276|473
821|250.02
250.43|585
574|493
453|305
552|997
682|728
785|250.4
553|564
112|465
733|905
496|596
905|250.8
V18|V17
416|278
518|340
728|244
595|250.5
285|719
458|458
250.22|342
786|250.9
625|343
154|V44
599|250.82
250.03|403
276|705
277|250.6
924|E816
284|707
591|617
536|789
592|410
617|626
203|473
490|493
494|493
425|V10
250|578
293|242
396|584
403|710
401|V85
486|250.42
784|E935
401|411
205|401
425|135
574|202
V42|V85
185|244
203|199
552|V85
153|492
515|250.02
280|807
E881|401
437|298
996|482
438|V85
250.82|263
599|242
780|E935
225|250
250|259
496|996
727|285
496|250.51
456|572
711|996
584|402
788|618
425|202
424|999
V58|112
150|530
780|453
781|294
789|163
300|786
250.81|492
150|V55
486|458
515|492
455|455
332|493
250.6|724
536|250.41
154|292
738|724
785|414
576|573
285|294
V65|250.8
996|447
719|396
577|438
715|V15
564|272
250.6|V58
41|443
V85|250.92
38|263
518|437
682|242
304|465
493|530
585|714
486|465
E816|E849
578|682
564|309
250.02|696
307|250.6
996|V58
518|593
226|275
250|318
196|574
396|404
345|277
287|570
593|298
491|494
753|412
403|253
250.12|578
311|278
295|345
303|280
354|493
812|E888
997|280
V10|473
807|E888
780|794
427|E935
E950|780
E878|493
250.52|357
285|300
357|332
294|244
153|428
711|696
250.12|V58
41|250.03
507|788
250.03|244
296|278
E918|250
298|305
304|296
785|303
560|294
998|277
278|907
202|447
945|402
802|800
423|511
296|311
481|250.02
285|456
250.42|402
135|285
250|441
303|304
403|571
V43|V58
496|397
411|337
250.01|319
E950|E950
295|357
584|250.82
571|V49
585|250.03
719|250.01
327|285
996|V42
550|568
433|V45
428|444
414|518
781|E947
433|250.02
555|427
250.6|V12
112|995
786|518
599|E942
424|457
303|438
493|337
295|625
607|250
578|203
715|836
584|250.8
70|724
V45|V12
428|E944
591|287
531|537
250.13|996
780|611
201|584
272|728
576|562
512|157
562|792
377|428
599|586
437|342
723|782
486|V58
425|397
305|965
627|620
250.01|354
276|34
456|280
250.02|924
496|250.4
250.03|518
707|491
428|250.12
524|473
472|733
473|331
441|425
780|596
348|907
250.4|493
38|286
E885|492
585|681
278|564
204|491
519|571
250|389
E947|599
88|250
437|573
496|386
305|425
157|198
276|805
V58|457
414|403
342|530
518|278
516|162
715|781
710|V17
250.02|429
782|250.22
287|518
996|452
250.02|288
250|867
287|413
585|753
424|404
202|515
284|286
285|596
300|317
162|414
585|492
785|?
507|995
280|V14
V58|V45
41|794
615|276
584|287
378|401
443|496
276|507
788|V43
277|285
599|597
866|861
411|V65
V43|427
293|496
428|196
298|401
250.03|300
426|458
403|578
38|250.52
289|401
203|997
891|E849
733|784
250.01|591
E927|401
278|V58
801|496
250.13|782
404|584
585|781
340|492
250.22|424
531|285
789|535
292|435
355|250
303|560
518|397
780|E947
362|250.5
396|250.8
292|41
493|V43
596|789
496|286
601|401
513|482
250.02|410
496|242
250.6|625
578|155
780|342
250.13|?
599|434
572|562
E821|250
250.92|V45
493|291
493|445
812|414
599|396
312|318
70|707
438|413
250.03|999
584|592
536|250.02
747|428
280|456
288|333
585|38
998|E849
574|799
250.02|301
246|401
285|729
453|E927
922|401
250.82|782
573|737
577|595
38|250.41
250.8|530
300|V63
426|824
157|401
867|577
599|255
410|784
812|802
276|319
244|276
496|E885
285|438
491|357
715|305
453|616
691|250
70|250.6
790|202
787|57
560|38
414|536
250.02|413
518|569
998|724
153|199
300|271
558|414
250.92|183
496|327
V58|289
250.81|780
786|?
780|V65
573|250.02
571|428
436|250
E885|357
785|997
344|724
414|288
996|530
291|997
250.6|596
427|725
850|276
907|780
157|250.02
424|273
786|796
996|786
537|438
286|250.02
250.8|E947
721|276
465|250.02
70|E931
780|362
250.12|401
250.01|908
346|311
518|358
200|284
576|153
202|820
398|285
331|781
453|922
686|41
250.01|511
455|562
560|780
250.1|278
276|440
250|358
491|465
333|401
411|562
252|530
250.8|458
428|813
567|276
786|490
276|576
722|780
599|346
924|920
263|250.02
599|999
553|568
205|428
989|250
403|386
276|250.23
788|605
8|250.02
496|342
E879|285
784|427
V85|263
V63|372
E880|410
250.6|263
345|493
250.83|285
250.01|881
403|715
331|726
275|272
924|319
41|289
707|E929
787|729
250.82|718
155|491
578|585
250.01|646
196|196
38|272
446|8
786|719
250.6|E933
250.52|342
304|486
440|241
425|239
722|518
196|569
518|317
403|V49
707|204
438|433
E928|185
424|E849
707|201
299|250.1
530|427
707|E885
162|250.02
626|617
275|?
250.51|530
429|796
278|599
202|250.6
873|923
873|873
430|272
536|553
424|394
263|290
250.82|41
284|414
824|845
358|728
397|411
682|V42
292|250.4
453|444
531|E878
576|295
V58|382
250.01|560
518|495
291|724
203|794
780|V58
428|250.43
79|493
427|292
617|995
250|343
304|786
402|287
453|255
599|569
812|E880
V09|250.8
250.02|426
250.8|402
335|E932
756|276
250.02|V27
998|518
288|790
842|807
670|642
V65|278
581|585
293|276
E888|719
577|486
V10|733
396|276
493|493
945|250.02
250.01|437
V44|250
453|496
411|577
959|924
466|285
786|553
250.6|922
V42|250.6
788|424
805|923
729|278
398|396
427|604
599|756
440|786
E936|225
V43|280
836|E928
415|276
491|840
788|218
276|286
736|276
276|V08
172|250
305|782
V58|296
550|553
266|396
426|412
V23|250.01
969|E980
998|272
424|199
428|395
414|V42
441|411
198|157
V10|244
693|276
780|591
411|V85
E924|682
496|405
731|785
250|338
344|596
753|573
V10|V10
42|477
435|276
41|496
